year,state,place,subgroup_type,subgroup,share_affordable_80_ami,share_affordable_50_ami,share_affordable_30_ami,share_affordable_80_ami_quality,share_affordable_50_ami_quality,share_affordable_30_ami_quality
2021,01,03076,tenure,All,1.6106648135192874,1.5725114770982163,1.0797692004738686,2,2,2
2021,01,03076,tenure,Owner,1.8361646368590814,NA,NA,2,NA,NA
2021,01,03076,tenure,Renter,1.4215682148831503,1.115323410249013,NA,2,2,NA
2021,01,07000,tenure,All,1.4562017095750073,1.339042690581233,1.1017129397576066,3,3,3
2021,01,07000,tenure,Owner,1.6856235996698141,2.022664591010168,2.1071140220849687,3,3,3
2021,01,07000,tenure,Renter,1.2892011818666682,0.8727025403088824,0.48655218794888283,3,3,3
2021,01,35896,tenure,All,1.7837232729307717,1.6030016201400994,1.5012359308015644,3,3,3
2021,01,35896,tenure,Owner,2.221975938775301,2.564712144251186,NA,3,3,NA
2021,01,35896,tenure,Renter,1.368148355217044,0.7652695018943306,NA,3,3,NA
2021,01,37000,tenure,All,1.873915860557826,1.9082371418629778,1.8416749894072122,3,3,3
2021,01,37000,tenure,Owner,2.4409006032435037,2.8682730209627025,3.627563500939236,3,3,3
2021,01,37000,tenure,Renter,1.3928405583772976,1.13247876796215,0.6180920370874885,3,3,3
2021,01,50000,tenure,All,1.4540660222720305,1.3028447400519851,1.339220914603044,3,3,3
2021,01,50000,tenure,Owner,1.9210499129894794,2.7142704706072336,2.7435762658692564,3,3,3
2021,01,50000,tenure,Renter,1.1371988639609996,0.48307442671844036,0.49337760461353924,3,3,3
2021,01,51000,tenure,All,1.6193848847189998,1.2209018504013447,1.1088907167957935,3,3,3
2021,01,51000,tenure,Owner,2.0352199324756333,2.0425979930015523,2.398152942986176,3,3,3
2021,01,51000,tenure,Renter,1.3050761831831208,0.680128879631798,0.37194198438134907,3,3,3
2021,01,77256,tenure,All,1.396090399963076,1.0959277425195761,0.8823092525632276,2,2,2
2021,01,77256,tenure,Owner,1.8682846341593942,1.8909282981195532,NA,2,2,NA
2021,01,77256,tenure,Renter,1.2133094410478684,0.7194039586426043,0.36305198233112523,2,2,2
2021,02,03000,tenure,All,1.550457840518886,1.4462796612898032,1.092617521942814,2,2,2
2021,02,03000,tenure,Owner,1.9963067937816714,2.2544474854601435,1.8795926792348976,2,2,2
2021,02,03000,tenure,Renter,1.1941031097686552,0.9294160169360252,0.53706652512385,2,2,2
2021,04,04720,tenure,All,1.5491660954923963,1.3052758660633006,1.2124689389372574,2,2,2
2021,04,04720,tenure,Owner,2.1564828452734224,2.2173640938839903,NA,2,2,NA
2021,04,04720,tenure,Renter,0.8963709998483673,NA,NA,2,NA,NA
2021,04,07940,tenure,All,1.91920680760383,1.8213829818050418,NA,2,2,NA
2021,04,07940,tenure,Owner,2.0368156772613815,2.0624770900181173,NA,2,2,NA
2021,04,07940,tenure,Renter,NA,NA,NA,NA,NA,NA
2021,04,12000,tenure,All,1.4876995562894069,1.294370633513639,1.33481000205325,3,3,3
2021,04,12000,tenure,Owner,1.9575426515191237,2.2605842653647787,2.542596505927951,3,3,3
2021,04,12000,tenure,Renter,0.966783091468064,0.235245342471809,0.10093349889682318,3,3,3
2021,04,23620,tenure,All,1.4696935105472222,1.2463068216443816,1.2818029286150094,3,3,3
2021,04,23620,tenure,Owner,1.7187781212267461,2.056797914665935,2.7570475575640194,3,3,3
2021,04,23620,tenure,Renter,1.279201087078999,0.5313002986815458,NA,3,3,NA
2021,04,27400,tenure,All,1.6709765238489755,1.776646590138999,2.5520751598617224,1,1,1
2021,04,27400,tenure,Owner,2.149661946186753,3.0934214818413146,4.059948311374309,1,1,1
2021,04,27400,tenure,Renter,0.8306902328101032,0.19485372044109414,NA,1,1,NA
2021,04,27820,tenure,All,1.507668320370768,1.207724884064726,1.0756591091947691,1,1,1
2021,04,27820,tenure,Owner,1.9515142865923572,1.9346440203824833,2.2458801181602737,1,1,1
2021,04,27820,tenure,Renter,1.135628677800435,0.5381969830979711,0.16130918855765197,1,1,1
2021,04,28380,tenure,All,1.6104050945665955,1.4188576957655594,NA,2,2,NA
2021,04,28380,tenure,Owner,2.0442979830268055,NA,NA,2,NA,NA
2021,04,28380,tenure,Renter,NA,NA,NA,NA,NA,NA
2021,04,46000,tenure,All,1.44978704867788,1.3000771227890713,1.267213146393054,2,2,2
2021,04,46000,tenure,Owner,1.7844397672110706,2.053963331039159,2.1386018651274363,2,2,2
2021,04,46000,tenure,Renter,1.1103162403018123,0.5151412035976003,0.20726665004882133,2,2,2
2021,04,54050,tenure,All,1.6310584942285653,1.5376222002344175,1.6449570348048785,2,2,2
2021,04,54050,tenure,Owner,1.9973399218814607,2.317488210971116,2.747208067561684,2,2,2
2021,04,54050,tenure,Renter,1.065090396424773,0.37131522254071847,0.14666576756952623,2,2,2
2021,04,55000,tenure,All,1.4355568494302582,1.1423522794010266,1.0707625055617371,2,2,2
2021,04,55000,tenure,Owner,1.7788050564817297,1.8908325997893056,2.1668011718746416,2,2,2
2021,04,55000,tenure,Renter,1.157554968324065,0.5516220025103821,0.2325359273475827,2,2,2
2021,04,65000,tenure,All,1.5157863971634686,1.5218968721305066,1.5813872461643865,3,3,3
2021,04,65000,tenure,Owner,1.9791436188638194,2.3511813754417403,2.5463968005842155,3,3,3
2021,04,65000,tenure,Renter,0.9578785886829899,0.25608218270566513,0.1267775206643863,3,3,3
2021,04,71510,tenure,All,1.795957894026208,1.926879185928309,2.543701439767115,1,1,1
2021,04,71510,tenure,Owner,2.356695802145841,3.047966289537899,4.317771584090975,1,1,1
2021,04,71510,tenure,Renter,0.7367243847028925,0.243075847257923,NA,1,1,NA
2021,04,73000,tenure,All,1.3543638495027261,0.8461945396889785,0.9082861608524319,3,3,3
2021,04,73000,tenure,Owner,1.9788576280005703,2.614227648893746,2.758621554889243,3,3,3
2021,04,73000,tenure,Renter,1.1240739186548103,0.3145195321353307,0.1886682430270634,3,3,3
2021,04,77000,tenure,All,1.51711601186795,1.3203639352066612,1.1624184606692682,2,2,2
2021,04,77000,tenure,Owner,1.8161924301034993,1.9716385854829186,2.3268223228956293,2,2,2
2021,04,77000,tenure,Renter,1.296589498502753,0.8054538835698455,0.39635760794127495,2,2,2
2021,04,85540,tenure,All,1.865864732725321,1.9180514374505924,1.8994650910986788,2,2,2
2021,04,85540,tenure,Owner,2.2440037554360055,2.5464913181958284,2.5398824517212426,2,2,2
2021,04,85540,tenure,Renter,1.3551775274654794,NA,NA,2,NA,NA
2021,05,23290,tenure,All,1.8992401238648797,1.708276600651658,1.320082019977454,2,2,2
2021,05,23290,tenure,Owner,2.3773252245078007,NA,NA,2,NA,NA
2021,05,23290,tenure,Renter,1.55632411525438,1.1530589202727621,NA,2,2,NA
2021,05,24550,tenure,All,1.9292946189318265,1.8621737060541406,1.7996793671553906,2,2,2
2021,05,24550,tenure,Owner,2.073627967972267,2.5532507318217865,2.4777334718217845,2,2,2
2021,05,24550,tenure,Renter,1.7530552840911968,1.026174903221741,0.9840148068101754,2,2,2
2021,05,35710,tenure,All,1.9087016911804342,1.7221304305613585,1.6497617348499123,2,2,2
2021,05,35710,tenure,Owner,2.1004761189096604,2.5512387234168417,2.63891576699043,2,2,2
2021,05,35710,tenure,Renter,1.683942458436132,0.8434405223933424,0.689956856861166,2,2,2
2021,05,41000,tenure,All,1.5552847866941901,1.284991607456485,0.9012551646475847,1,1,1
2021,05,41000,tenure,Owner,1.7771974349184283,1.9056485142026642,1.7362045253532012,1,1,1
2021,05,41000,tenure,Renter,1.3911421614482724,0.8626847486383558,0.3348941594388101,1,1,1
2021,05,66080,tenure,All,2.1258657105179535,1.8291542002820895,1.48629082663724,3,3,3
2021,05,66080,tenure,Owner,2.478242516514979,NA,NA,3,NA,NA
2021,05,66080,tenure,Renter,1.8596285706028226,1.216597408104775,NA,3,3,NA
2021,06,00562,tenure,All,1.2767604884958843,1.2789147710668463,1.0161013310433662,2,2,2
2021,06,00562,tenure,Owner,1.289594172988096,1.7601761679654624,NA,2,2,NA
2021,06,00562,tenure,Renter,1.2664979649644974,0.8973033069309134,0.40848514488323756,2,2,2
2021,06,00884,tenure,All,1.3649080984188433,1.040918946264783,0.8934324659231722,2,2,2
2021,06,00884,tenure,Owner,1.7365084803837587,1.8195679796696316,NA,2,2,NA
2021,06,00884,tenure,Renter,1.2437940535515022,0.6608420133454423,0.194486519236595,2,2,2
2021,06,02000,tenure,All,1.3382855588020246,0.9984116990831736,0.7984910159917569,3,3,3
2021,06,02000,tenure,Owner,1.447927498356111,1.7036294062058257,2.0366464049536193,3,3,3
2021,06,02000,tenure,Renter,1.2760601753652916,0.6524676580547704,0.23993415154342088,3,3,3
2021,06,02252,tenure,All,1.2376809632185786,0.7317134726176984,0.5510595531710161,1,1,1
2021,06,02252,tenure,Owner,1.5147311007555295,1.2774402466219734,NA,1,1,NA
2021,06,02252,tenure,Renter,0.9695818347769044,0.35503550172188286,0.1612453857753216,1,1,1
2021,06,02364,tenure,All,1.505749083614219,1.2441679618892476,1.2591467231084887,2,2,2
2021,06,02364,tenure,Owner,1.6987419550389153,1.6427079515092224,NA,2,2,NA
2021,06,02364,tenure,Renter,1.3102325152134113,NA,NA,2,NA,NA
2021,06,03526,tenure,All,1.2046005109306153,1.0276821941586576,0.7952685874617046,2,2,2
2021,06,03526,tenure,Owner,1.5086946915368185,1.5671584998798063,1.453120784968638,2,2,2
2021,06,03526,tenure,Renter,0.9956758186410241,0.600579857369426,0.2566722220225727,2,2,2
2021,06,04982,tenure,All,1.2926173210912326,1.0189700980410346,0.9583298643538907,2,2,2
2021,06,04982,tenure,Owner,1.5123567726509117,1.4712870040191497,NA,2,2,NA
2021,06,04982,tenure,Renter,1.2002169259941153,0.7930013922899016,0.36211044342150595,2,2,2
2021,06,06000,tenure,All,1.3678806529427163,1.0015144252951467,0.8777776706281933,1,1,1
2021,06,06000,tenure,Owner,1.4883280380903927,1.564717764157932,1.7657275183326901,1,1,1
2021,06,06000,tenure,Renter,1.3186713696378274,0.7319436617687703,0.5231845394380981,1,1,1
2021,06,08786,tenure,All,1.463324600048102,1.2307475742439036,1.1287846784066904,3,3,3
2021,06,08786,tenure,Owner,1.517404584731333,1.79328433062728,2.2082865409322636,3,3,3
2021,06,08786,tenure,Renter,1.4125022081471656,0.603755107688325,0.17411031860681364,3,3,3
2021,06,08954,tenure,All,1.099633241601202,0.7073370903321115,0.5452221637470867,1,1,1
2021,06,08954,tenure,Owner,1.099760400784143,1.226954177897574,NA,1,1,NA
2021,06,08954,tenure,Renter,1.0995672694225511,0.4436752674638137,0.2180229604795286,1,1,1
2021,06,11194,tenure,All,1.1870596412693208,0.9485400715259803,0.9263040113209913,1,1,1
2021,06,11194,tenure,Owner,1.3642994346798152,1.345603458070259,1.5364609889604408,1,1,1
2021,06,11194,tenure,Renter,0.9604177611140599,0.3022633590804329,NA,1,1,NA
2021,06,11530,tenure,All,1.4210485687487857,1.4138558178839014,1.7557973508608764,1,1,1
2021,06,11530,tenure,Owner,1.3584794015496124,1.731482970442846,2.905911481491976,1,1,1
2021,06,11530,tenure,Renter,1.5418719342476566,0.8674525114750317,NA,1,1,NA
2021,06,13014,tenure,All,1.2807459976874687,0.9489117291414751,0.7996438112199467,1,1,1
2021,06,13014,tenure,Owner,2.1830089139530653,2.5538082022818376,NA,1,1,NA
2021,06,13014,tenure,Renter,0.9390014065821161,0.33867253979377315,0.19226763863577195,1,1,1
2021,06,13210,tenure,All,0.9881527300014431,1.0444393385583908,NA,2,2,NA
2021,06,13210,tenure,Owner,1.3638326141313672,NA,NA,2,NA,NA
2021,06,13210,tenure,Renter,0.5385672205191877,NA,NA,2,NA,NA
2021,06,13214,tenure,All,1.00152935700512,1.080932456664674,NA,2,2,NA
2021,06,13214,tenure,Owner,1.3823038397328882,NA,NA,2,NA,NA
2021,06,13214,tenure,Renter,NA,NA,NA,NA,NA,NA
2021,06,13392,tenure,All,1.2871300510967254,0.994771978151975,0.8257837919424514,1,1,1
2021,06,13392,tenure,Owner,1.436289672717279,1.5279195600865405,1.573633921482215,1,1,1
2021,06,13392,tenure,Renter,1.1627479916913834,0.5880215600959241,0.1975938657811825,1,1,1
2021,06,13588,tenure,All,1.2759081018791798,1.039897602728167,0.7876267316495086,1,1,1
2021,06,13588,tenure,Owner,1.5679674191647865,1.7670254921562474,1.8849653045041312,1,1,1
2021,06,13588,tenure,Renter,1.0464277061064913,0.5000455397149314,0.16589559061867998,1,1,1
2021,06,14218,tenure,All,1.4309736232094104,1.491438892380078,1.139298956161322,1,1,1
2021,06,14218,tenure,Owner,2.8706905727440524,NA,NA,1,NA,NA
2021,06,14218,tenure,Renter,0.6788300499031527,0.276584678888938,NA,1,1,NA
2021,06,15044,tenure,All,1.2910682005193928,1.0909633801586682,0.776801787778656,2,2,2
2021,06,15044,tenure,Owner,1.2938498335281026,1.241398519512126,0.9745178945286754,2,2,2
2021,06,15044,tenure,Renter,1.2880903086362658,0.8742807056280967,0.4513165701031233,2,2,2
2021,06,16000,tenure,All,1.2991603740540256,0.9699323733716917,0.9644637625432368,3,3,3
2021,06,16000,tenure,Owner,1.4369767305658405,1.5124247414342968,1.7752230246449046,3,3,3
2021,06,16000,tenure,Renter,1.1590442088003885,0.49703843710399787,0.34298075514008497,3,3,3
2021,06,16350,tenure,All,0.97833904441110775,0.9850078834145158,1.1590388138666554,2,2,2
2021,06,16350,tenure,Owner,1.2117359164496933,1.4290168197437423,NA,2,2,NA
2021,06,16350,tenure,Renter,0.7050174355539333,0.30458270734376397,NA,2,2,NA
2021,06,16532,tenure,All,1.413495402112797,0.9133579457420848,0.9986152350001818,2,2,2
2021,06,16532,tenure,Owner,1.2802508367459164,1.4756484981582705,1.9003989411587925,2,2,2
2021,06,16532,tenure,Renter,1.5003956438118005,0.5355806260442851,0.3164284058855164,2,2,2
2021,06,17918,tenure,All,1.3570436164334512,1.254111730246623,0.999516411741679,2,2,2
2021,06,17918,tenure,Owner,1.3298698856335525,1.3882841754820698,1.6949745169737676,2,2,2
2021,06,17918,tenure,Renter,1.3889609851883533,1.0258040378775295,0.27358585274172464,2,2,2
2021,06,19766,tenure,All,1.1204940834948192,0.9054882905951525,0.9483295529106589,1,1,1
2021,06,19766,tenure,Owner,1.2052272880507646,1.5383695619700564,1.964533560616448,1,1,1
2021,06,19766,tenure,Renter,1.0657636746191315,0.5232195707830152,0.19702461647509462,1,1,1
2021,06,21712,tenure,All,1.2471783151353282,0.8729575072749574,0.6002713069754146,2,2,2
2021,06,21712,tenure,Owner,1.296285154343074,1.2111799939304388,1.3330391450654004,2,2,2
2021,06,21712,tenure,Renter,1.2100967142158947,0.6442243841065918,0.15031167977757864,2,2,2
2021,06,22020,tenure,All,1.2969849258761428,1.5210735254266599,1.5004176545132437,1,1,1
2021,06,22020,tenure,Owner,1.9031347442268298,2.7105900876666893,NA,1,1,NA
2021,06,22020,tenure,Renter,0.6119515548199251,0.21067594516140684,NA,1,1,NA
2021,06,22230,tenure,All,1.2677769542647477,0.930499513063714,0.7645478486041658,1,1,1
2021,06,22230,tenure,Owner,1.3899245488065617,1.5243957838424542,2.1120972688540576,1,1,1
2021,06,22230,tenure,Renter,1.2163658764365939,0.7068072522051517,0.3743162593184876,1,1,1
2021,06,22804,tenure,All,1.2464337980166067,0.8554944890858405,0.7822361460399617,1,1,1
2021,06,22804,tenure,Owner,1.3649549374220855,1.3113849111662736,1.3788010824333337,1,1,1
2021,06,22804,tenure,Renter,1.1509183620370806,0.5155056689721487,0.276249481844872,1,1,1
2021,06,23182,tenure,All,1.0857097574242076,0.8014050460794683,0.8850994721883881,1,1,1
2021,06,23182,tenure,Owner,1.518803264786226,1.6993170731707319,NA,1,1,NA
2021,06,23182,tenure,Renter,0.7185123592904447,0.19006532725255765,NA,1,1,NA
2021,06,24638,tenure,All,1.372741736642553,1.26574673664589,0.837337295287189,2,2,2
2021,06,24638,tenure,Owner,1.6412502072279762,1.7289541034207145,NA,2,2,NA
2021,06,24638,tenure,Renter,0.990016976330495,NA,NA,2,NA,NA
2021,06,24680,tenure,All,1.301003334757618,0.9206408849251893,0.8749182038543772,1,1,1
2021,06,24680,tenure,Owner,1.4141138879619952,1.4158434975774583,NA,1,1,NA
2021,06,24680,tenure,Renter,1.1845070524595944,0.5084711352577357,0.28954997346224964,1,1,1
2021,06,26000,tenure,All,1.526236051853305,1.3386134792974023,1.3554842424782305,2,2,2
2021,06,26000,tenure,Owner,1.8252977377066073,2.3412071132885797,2.439033117217484,2,2,2
2021,06,26000,tenure,Renter,1.2731623608571667,0.5229693796265309,0.37849267856659435,2,2,2
2021,06,27000,tenure,All,1.3581088138571282,0.9644181756320399,0.7893479976349227,3,3,3
2021,06,27000,tenure,Owner,1.8940289438544875,2.012965039182852,1.8143114895862702,3,3,3
2021,06,27000,tenure,Renter,1.1007311284649668,0.5080741060630571,0.34312587257753857,3,3,3
2021,06,28000,tenure,All,1.2825423977328043,1.0664175610279467,1.0126712252123167,3,3,3
2021,06,28000,tenure,Owner,1.428351906149457,1.7896407216724874,2.2349944330105602,3,3,3
2021,06,28000,tenure,Renter,1.2015245727756618,0.6027438514917008,0.13927965792110045,3,3,3
2021,06,29000,tenure,All,1.2619252610731542,1.0058098982536057,0.8461675505168695,3,3,3
2021,06,29000,tenure,Owner,1.3146768875285304,1.3644214630754876,1.8385118739286312,3,3,3
2021,06,29000,tenure,Renter,1.2131564282443188,0.6826423812258422,0.20623490894748958,3,3,3
2021,06,30000,tenure,All,1.0968988259055648,0.6352246756510637,0.36888430887284623,2,2,2
2021,06,30000,tenure,Owner,1.2633717867922885,1.428488747912451,1.055994091758815,2,2,2
2021,06,30000,tenure,Renter,1.0507577638166297,0.4094250315079424,0.16445474110449793,2,2,2
2021,06,32548,tenure,All,1.3402509656617878,1.1009152172698513,0.5254080245029679,2,2,2
2021,06,32548,tenure,Owner,1.5029243010472544,NA,NA,2,NA,NA
2021,06,32548,tenure,Renter,1.2975408977258216,0.8877716557708065,0.16508939406206005,2,2,2
2021,06,33000,tenure,All,1.3417369036144777,1.0069456877436291,0.9949054087927449,1,1,1
2021,06,33000,tenure,Owner,1.4869906321123312,1.5880707122437314,2.0828905226379386,1,1,1
2021,06,33000,tenure,Renter,1.219333399282278,0.4772539561627458,0.24233856982182908,1,1,1
2021,06,33182,tenure,All,1.0923061577521624,1.0140990646201546,0.9707154750239049,2,2,2
2021,06,33182,tenure,Owner,1.2918217733649584,1.369887235681106,1.4567391996083146,2,2,2
2021,06,33182,tenure,Renter,0.8606236811397,0.42894998152506514,NA,2,2,NA
2021,06,33434,tenure,All,1.3509996943544804,1.0863243056748142,1.1115500261289641,2,2,2
2021,06,33434,tenure,Owner,1.6408051811635975,1.557295814174807,NA,2,2,NA
2021,06,33434,tenure,Renter,1.058123357120906,NA,NA,2,NA,NA
2021,06,36000,tenure,All,1.4405369872839051,1.1214655276942662,1.0460508338220686,3,3,3
2021,06,36000,tenure,Owner,1.6722925327221068,1.9496908734501948,2.2685720527341386,3,3,3
2021,06,36000,tenure,Renter,1.255469356493417,0.42214409608799797,0.14434791881654604,3,3,3
2021,06,36448,tenure,All,1.4602919864151158,1.3191588269427286,1.5602864623567996,2,2,2
2021,06,36448,tenure,Owner,1.5014330274717937,1.8383878066448927,NA,2,2,NA
2021,06,36448,tenure,Renter,1.4116204242107366,0.7599529056608415,NA,2,2,NA
2021,06,36546,tenure,All,1.353753879531115,1.004780728544162,0.7435175246717953,1,1,1
2021,06,36546,tenure,Owner,1.4822513034780025,1.8104628496099249,2.1361728255443175,1,1,1
2021,06,36546,tenure,Renter,1.3107861862606132,0.7938744250089514,0.3408866299258483,1,1,1
2021,06,36770,tenure,All,1.1784419000727702,0.8285909550965385,0.6583665281637898,2,2,2
2021,06,36770,tenure,Owner,1.3696579506364452,1.6262685110470059,1.3940279473995767,2,2,2
2021,06,36770,tenure,Renter,1.0690836062342208,0.35115270639210544,0.14905641427440547,2,2,2
2021,06,37692,tenure,All,1.4161070586924904,1.1986628172117935,NA,2,2,NA
2021,06,37692,tenure,Owner,1.537594109347492,NA,NA,2,NA,NA
2021,06,37692,tenure,Renter,1.2676348901469687,NA,NA,2,NA,NA
2021,06,39496,tenure,All,1.2636837108191432,0.9348210273796789,0.8824081334487293,3,3,3
2021,06,39496,tenure,Owner,1.378776173176596,1.6066048667583224,NA,3,3,NA
2021,06,39496,tenure,Renter,1.1736970461911345,0.35836948558609905,NA,3,3,NA
2021,06,39892,tenure,All,1.4333288892585063,1.4723935356569546,1.481130907445952,2,2,2
2021,06,39892,tenure,Owner,1.4938637153041134,1.7825259721384992,NA,2,2,NA
2021,06,39892,tenure,Renter,1.3432020912943694,NA,NA,2,NA,NA
2021,06,40130,tenure,All,1.3086274029672564,1.082542473252246,0.9483861290250367,1,1,1
2021,06,40130,tenure,Owner,1.41374562810562,1.4249148233151752,1.531680234693876,1,1,1
2021,06,40130,tenure,Renter,1.212880871161877,0.7697887655920949,0.4584151215434043,1,1,1
2021,06,41992,tenure,All,1.4331425513009597,1.307894587696517,1.469956161769979,2,2,2
2021,06,41992,tenure,Owner,1.5954558504884246,2.084009671713947,NA,2,2,NA
2021,06,41992,tenure,Renter,1.2454849861868436,NA,NA,2,NA,NA
2021,06,43000,tenure,All,1.2363031019709207,0.9327066838131006,0.6192507369324756,2,2,2
2021,06,43000,tenure,Owner,1.2994563254705382,1.292364997262413,1.4732016833657295,2,2,2
2021,06,43000,tenure,Renter,1.2088271506121093,0.7512417184769635,0.2386074817081434,2,2,2
2021,06,44000,tenure,All,1.0907202078464988,0.7945112138905748,0.48167199964314183,1,1,1
2021,06,44000,tenure,Owner,1.0941299758887681,1.1343590429832209,1.0639411112732937,1,1,1
2021,06,44000,tenure,Renter,1.0895704669831654,0.6586642222978406,0.28144151887735536,1,1,1
2021,06,45484,tenure,All,1.097662628887054,1.274549714965392,NA,3,3,NA
2021,06,45484,tenure,Owner,1.3445044949591787,NA,NA,3,NA,NA
2021,06,45484,tenure,Renter,NA,NA,NA,NA,NA,NA
2021,06,46842,tenure,All,1.0421387140585006,1.0122555255174837,1.0904650203939967,2,2,2
2021,06,46842,tenure,Owner,1.2202554227724467,1.3561674123728604,NA,2,2,NA
2021,06,46842,tenure,Renter,0.7330994699221921,NA,NA,2,NA,NA
2021,06,46898,tenure,All,1.371863018562207,1.016371724797907,0.8551354174592237,2,2,2
2021,06,46898,tenure,Owner,1.6037545267037199,1.6013427568865093,NA,2,2,NA
2021,06,46898,tenure,Renter,1.2473746792642293,0.6774217912298828,0.3991209538448989,2,2,2
2021,06,47766,tenure,All,1.7879009941035455,1.4726409457403593,1.4205676234258382,2,2,2
2021,06,47766,tenure,Owner,1.6310408355864587,2.0700861866066624,NA,2,2,NA
2021,06,47766,tenure,Renter,1.9639640067453918,NA,NA,2,NA,NA
2021,06,48256,tenure,All,1.3381092900167006,1.1906181051181082,1.2504996003861522,1,1,1
2021,06,48256,tenure,Owner,1.3352822849578823,1.6683106777415695,1.7045976997592172,1,1,1
2021,06,48256,tenure,Renter,1.345124541751296,NA,NA,1,NA,NA
2021,06,48354,tenure,All,1.2215418193707008,0.991467587626788,0.899302169656356,1,1,1
2021,06,48354,tenure,Owner,1.680474137793874,2.1537364561209844,2.109861491139676,1,1,1
2021,06,48354,tenure,Renter,0.9317828673928464,0.32103202984606494,0.20585736040528657,1,1,1
2021,06,49270,tenure,All,1.0000889463878004,0.9081466717416784,0.8642884601506831,1,1,1
2021,06,49270,tenure,Owner,1.3556797528571745,1.6041406803404457,1.4217809303310032,1,1,1
2021,06,49270,tenure,Renter,0.6104215099860141,0.3192328127510506,0.2002858416276943,1,1,1
2021,06,49670,tenure,All,1.6368198895980002,1.2706417876018101,0.9989253089736703,2,2,2
2021,06,49670,tenure,Owner,1.554834236948594,1.8872632266492488,NA,2,2,NA
2021,06,49670,tenure,Renter,1.6941767251183497,0.819158979352772,NA,2,2,NA
2021,06,50076,tenure,All,1.1222787458075554,1.2878882111119412,NA,2,2,NA
2021,06,50076,tenure,Owner,1.4632332736896696,NA,NA,2,NA,NA
2021,06,50076,tenure,Renter,NA,NA,NA,NA,NA,NA
2021,06,50258,tenure,All,1.2256386083732944,1.1000615722991764,1.069299133760828,2,2,2
2021,06,50258,tenure,Owner,1.3469118559900684,1.575742132755765,1.7557538750587132,2,2,2
2021,06,50258,tenure,Renter,1.0828234022982777,0.5365729869334059,NA,2,2,NA
2021,06,51182,tenure,All,1.3214697889005254,0.9484371271736002,0.8799304243967528,3,3,3
2021,06,51182,tenure,Owner,1.220763189142928,1.4154234557177205,1.391052805694692,3,3,3
2021,06,51182,tenure,Renter,1.4232409245761766,0.3936839464850172,NA,3,3,NA
2021,06,52526,tenure,All,1.348820366165452,1.1455573056610766,1.2657882050457978,1,1,1
2021,06,52526,tenure,Owner,1.438627049180328,1.597956623050726,2.0737472423573906,1,1,1
2021,06,52526,tenure,Renter,1.2296965246018225,0.6256233218258536,NA,1,1,NA
2021,06,53000,tenure,All,1.2647118499724683,1.0694122464235805,0.7990613397602323,3,3,3
2021,06,53000,tenure,Owner,1.2677877319506055,1.2845810558718647,1.4244917554628365,3,3,3
2021,06,53000,tenure,Renter,1.2633234165214633,0.9484523837487471,0.5465850427456125,3,3,3
2021,06,53322,tenure,All,1.1195595889157794,0.6766121814721621,0.7401716855422893,2,2,2
2021,06,53322,tenure,Owner,1.2474194782184334,1.1949665525554898,1.6328392806524217,2,2,2
2021,06,53322,tenure,Renter,1.042314615057132,0.2589401959526801,0.12581909153987916,2,2,2
2021,06,53896,tenure,All,0.8726227498393685,0.7262261352374049,0.6927246009708427,1,1,1
2021,06,53896,tenure,Owner,1.147526487262017,1.4426368144839963,1.42814166242321,1,1,1
2021,06,53896,tenure,Renter,0.6660330421574001,0.2086541266323782,0.08747974674865487,1,1,1
2021,06,53980,tenure,All,1.3353261496174722,1.012988075482279,0.8290434657820256,2,2,2
2021,06,53980,tenure,Owner,1.4075662677576388,1.4644003950324436,1.6287858247673577,2,2,2
2021,06,53980,tenure,Renter,1.2779137332278603,0.6069657249017137,0.11674857693657893,2,2,2
2021,06,54652,tenure,All,1.3280895278557672,1.0367874936451182,0.9722604284035683,1,1,1
2021,06,54652,tenure,Owner,1.5753229005135359,1.5852946952650582,1.9880290221992598,1,1,1
2021,06,54652,tenure,Renter,1.1479289535072157,0.5441052025385268,0.22607355749773084,1,1,1
2021,06,55156,tenure,All,1.2916117675366674,1.0030702099007816,0.8133345341389326,1,1,1
2021,06,55156,tenure,Owner,1.3337655587781265,1.3195661259349227,1.4517773690846782,1,1,1
2021,06,55156,tenure,Renter,1.2269342434056607,0.5891865853507832,0.19545733978683164,1,1,1
2021,06,56000,tenure,All,1.0925237074871124,0.787435741849045,0.5350319684685783,3,3,3
2021,06,56000,tenure,Owner,1.0769779195590694,1.4980576567763122,1.2399346732549734,3,3,3
2021,06,56000,tenure,Renter,1.0996308849273504,0.4892674664015453,0.2161448351282159,3,3,3
2021,06,56700,tenure,All,1.563810640374329,NA,NA,2,NA,NA
2021,06,56700,tenure,Owner,1.9868300281516924,NA,NA,2,NA,NA
2021,06,56700,tenure,Renter,NA,NA,NA,NA,NA,NA
2021,06,57456,tenure,All,1.3051366643938513,0.9904682737600444,0.9979005630308235,2,2,2
2021,06,57456,tenure,Owner,1.4849015306749345,1.6018391435629975,NA,2,2,NA
2021,06,57456,tenure,Renter,1.141966073174004,0.5579514824797843,NA,2,2,NA
2021,06,57792,tenure,All,1.4484641469268282,1.3190032775405744,1.4771995087086578,3,3,3
2021,06,57792,tenure,Owner,1.6069632013712067,2.1066014283378593,NA,3,3,NA
2021,06,57792,tenure,Renter,1.2652163984132003,NA,NA,3,NA,NA
2021,06,58072,tenure,All,1.326523182989978,1.0222204240045965,0.8302948967473874,1,1,1
2021,06,58072,tenure,Owner,1.609973526288177,1.5607094842468983,2.1242630064378285,1,1,1
2021,06,58072,tenure,Renter,1.162039755999892,0.705699531973114,0.23822305383509818,1,1,1
2021,06,59444,tenure,All,1.4242525278002673,1.2478074519272735,1.2096576222584134,2,2,2
2021,06,59444,tenure,Owner,1.6543543692323524,2.13587786259542,NA,2,2,NA
2021,06,59444,tenure,Renter,1.204152202324481,0.45062485287012155,NA,2,2,NA
2021,06,59451,tenure,All,0.9547250648505524,0.9321547077066313,1.0256785050089186,1,1,1
2021,06,59451,tenure,Owner,1.344087130505242,1.3979913684595917,NA,1,1,NA
2021,06,59451,tenure,Renter,0.6198170719280587,0.4257889561184426,NA,1,1,NA
2021,06,59920,tenure,All,1.380094710153547,1.2167055079241682,0.9130898084108461,2,2,2
2021,06,59920,tenure,Owner,1.5831850522373743,1.5792394736221698,1.3028230500582072,2,2,2
2021,06,59920,tenure,Renter,1.211203148236348,0.7816244891956988,0.4261934182199745,2,2,2
2021,06,60102,tenure,All,1.5343326965647228,1.5131640785354241,1.0771006257313294,2,2,2
2021,06,60102,tenure,Owner,1.411756175310265,1.6457379458607284,NA,2,2,NA
2021,06,60102,tenure,Renter,1.626130097880076,1.36837353546643,NA,2,2,NA
2021,06,60466,tenure,All,1.3715274732481988,1.3881061098482705,1.2953971484329538,2,2,2
2021,06,60466,tenure,Owner,1.469291722814026,1.9513716022794603,NA,2,2,NA
2021,06,60466,tenure,Renter,1.253091513763209,NA,NA,2,NA,NA
2021,06,60620,tenure,All,1.3207338891217324,1.258954288594431,1.120703067032418,2,2,2
2021,06,60620,tenure,Owner,1.4473921698015773,1.8435518274762552,2.172169539619731,2,2,2
2021,06,60620,tenure,Renter,1.2152275068496066,0.8299059287957068,0.514993040090856,2,2,2
2021,06,62000,tenure,All,1.1243065347083805,0.7822418116693646,0.8037234441636757,2,2,2
2021,06,62000,tenure,Owner,1.6262516062637244,1.796011179245891,1.7868066508527545,2,2,2
2021,06,62000,tenure,Renter,0.8577805419323062,0.28410188830746763,0.21472279006835,2,2,2
2021,06,62938,tenure,All,1.306911175619123,1.1487009416648213,1.2450715722312626,1,1,1
2021,06,62938,tenure,Owner,1.755849968010615,2.052116099900198,NA,1,1,NA
2021,06,62938,tenure,Renter,0.9186403164779546,0.3339556450932173,0.05066255709237955,1,1,1
2021,06,64000,tenure,All,1.2882996585001418,0.9917931158418278,0.8508139889039598,2,2,2
2021,06,64000,tenure,Owner,1.6847623210059681,1.8079331340329774,2.0224363838835444,2,2,2
2021,06,64000,tenure,Renter,1.0625467390437993,0.52455742159849,0.29691856546666706,2,2,2
2021,06,64224,tenure,All,1.3741452904568707,1.0676076030893493,1.2942660317217323,1,1,1
2021,06,64224,tenure,Owner,1.883462562936463,2.0198388248085126,NA,1,1,NA
2021,06,64224,tenure,Renter,1.1673992732119904,0.6111455203710493,0.4917595734367426,1,1,1
2021,06,65000,tenure,All,1.3631604174659129,0.9631308320314905,0.9575141397514816,3,3,3
2021,06,65000,tenure,Owner,1.7210054480442012,1.6697292748607624,1.9751119484500097,3,3,3
2021,06,65000,tenure,Renter,1.1360087371008396,0.5055300247039646,0.31389271406972025,3,3,3
2021,06,65042,tenure,All,1.4159833275064433,1.1768713152813497,1.1901999252816775,1,1,1
2021,06,65042,tenure,Owner,1.7822220791525463,2.2217294569392587,2.9761904000125137,1,1,1
2021,06,65042,tenure,Renter,1.1128444558205541,0.46668831179419495,0.24857542997954715,1,1,1
2021,06,66000,tenure,All,1.2610950947547874,0.9198083180257217,0.6790359518116429,1,1,1
2021,06,66000,tenure,Owner,1.4622659796452393,1.5367730909150954,1.63241762082298,1,1,1
2021,06,66000,tenure,Renter,1.157773747492071,0.5937355630603257,0.23308002906381667,1,1,1
2021,06,67000,tenure,All,1.376483317397212,1.2583642204101804,1.0514515518352896,2,2,2
2021,06,67000,tenure,Owner,1.3898452331156086,1.4618589743589743,1.5484088832386476,2,2,2
2021,06,67000,tenure,Renter,1.37040101939188,1.116070633625167,0.7945473591355166,2,2,2
2021,06,68000,tenure,All,1.3660907207545143,1.177513370368182,1.0456622560054123,1,1,1
2021,06,68000,tenure,Owner,1.5183439256840705,1.578125657597001,1.9101122783315,1,1,1
2021,06,68000,tenure,Renter,1.2535745713138962,0.8277623608934724,0.42530496044096666,1,1,1
2021,06,68084,tenure,All,1.3760409066723185,1.3758868290314024,1.093654875973511,2,2,2
2021,06,68084,tenure,Owner,1.3271777779464886,1.8151246170804192,1.8559699629270996,2,2,2
2021,06,68084,tenure,Renter,1.4151156175120725,1.0234223537783003,0.48166830122499604,2,2,2
2021,06,68196,tenure,All,1.255665038897964,0.9179741750765734,0.9070631163561103,2,2,2
2021,06,68196,tenure,Owner,1.3223580213509178,1.4443560272117715,1.5272860026511599,2,2,2
2021,06,68196,tenure,Renter,1.1900871727887843,0.44976639216463676,0.35929150538498866,2,2,2
2021,06,68252,tenure,All,1.3897123281722241,1.127667500235784,0.912339935073737,2,2,2
2021,06,68252,tenure,Owner,1.396553534527126,1.4726245089771777,1.744796638372321,2,2,2
2021,06,68252,tenure,Renter,1.3832074610111003,0.7641854891670079,0.29435317544636774,2,2,2
2021,06,68378,tenure,All,1.4395323025888984,1.472465947163179,NA,2,2,NA
2021,06,68378,tenure,Owner,1.6269214665190024,1.9107969790198782,NA,2,2,NA
2021,06,68378,tenure,Renter,NA,NA,NA,NA,NA,NA
2021,06,69000,tenure,All,1.3571550293160703,1.0410349293067171,0.6457849331752604,2,2,2
2021,06,69000,tenure,Owner,1.4827063567607761,1.3168739860805703,1.5924759558926107,2,2,2
2021,06,69000,tenure,Renter,1.2851139069451927,0.870569627863836,0.1745841186185349,2,2,2
2021,06,69070,tenure,All,1.1281822762279603,0.9405410281028903,0.6831076286263389,2,2,2
2021,06,69070,tenure,Owner,1.5374929924172054,1.7883627921332643,NA,2,2,NA
2021,06,69070,tenure,Renter,0.9460133244819163,0.5341455665774894,0.233099209833187,2,2,2
2021,06,69084,tenure,All,1.6925013759694032,1.1275038929951142,0.9551168890780767,1,1,1
2021,06,69084,tenure,Owner,1.532872519386769,1.7057715774568603,2.080176993417243,1,1,1
2021,06,69084,tenure,Renter,1.773390776608088,0.7408836973674998,0.20195825463645192,1,1,1
2021,06,69088,tenure,All,1.2938325386616683,0.9437639861622775,0.8978176651825909,1,1,1
2021,06,69088,tenure,Owner,1.4986536060174847,1.4686033523927846,1.4440136113585738,1,1,1
2021,06,69088,tenure,Renter,1.0240146502198317,0.22779132347624154,0.17138018140131264,1,1,1
2021,06,69196,tenure,All,1.35587191757541,1.025674624877371,0.8580358075970008,2,2,2
2021,06,69196,tenure,Owner,1.4464419500454795,1.4818660022717047,1.5316350024229317,2,2,2
2021,06,69196,tenure,Renter,1.277764835643055,0.6191479139758999,0.21038601788018912,2,2,2
2021,06,70000,tenure,All,1.0988987250901805,0.810577068683042,0.5089669108360697,3,3,3
2021,06,70000,tenure,Owner,1.1398326788458255,NA,NA,3,NA,NA
2021,06,70000,tenure,Renter,1.0863581786341276,0.7652706209371891,0.46369501466275664,3,3,3
2021,06,70098,tenure,All,1.2015536211826676,0.8569979381800491,0.7915729430513335,1,1,1
2021,06,70098,tenure,Owner,1.3613364261679282,1.3211584277246864,1.7664724760587378,1,1,1
2021,06,70098,tenure,Renter,1.073650008596527,0.5059358719326096,0.2632559467759883,1,1,1
2021,06,72016,tenure,All,1.0277466413242247,0.938545956841889,0.9298760875001036,1,1,1
2021,06,72016,tenure,Owner,1.1237077353804474,1.2518196309901046,1.2585504294275067,1,1,1
2021,06,72016,tenure,Renter,0.8646503742256206,0.32081615683777204,0.20448462155335245,1,1,1
2021,06,73080,tenure,All,1.2708133214006754,1.144024359957338,0.8686350960999406,2,2,2
2021,06,73080,tenure,Owner,1.5118263611909843,1.4547296244350945,NA,2,2,NA
2021,06,73080,tenure,Renter,1.1316998412647228,0.9858868402501274,0.2931127085482674,2,2,2
2021,06,75000,tenure,All,1.3650760881328992,0.9826387706214166,0.8871016401068962,3,3,3
2021,06,75000,tenure,Owner,1.9189859961231486,1.9355379966812083,1.893583054887778,3,3,3
2021,06,75000,tenure,Renter,1.0276779030702774,0.3414878598830422,0.20253934508761975,3,3,3
2021,06,77000,tenure,All,1.6148040620935153,1.094201842672648,1.1240457739117335,3,3,3
2021,06,77000,tenure,Owner,1.4736093264669612,1.4743233367843063,2.0712031905559156,3,3,3
2021,06,77000,tenure,Renter,1.7200850931120817,0.6276180344608447,0.1641063142735736,3,3,3
2021,06,78120,tenure,All,0.9487693833754779,1.0277656646690234,1.1171437605177135,1,1,1
2021,06,78120,tenure,Owner,1.463424114710614,NA,NA,1,NA,NA
2021,06,78120,tenure,Renter,0.44741026711280224,NA,NA,1,NA,NA
2021,06,78582,tenure,All,1.1236423449676927,1.1469124865031401,1.0451313512322722,1,1,1
2021,06,78582,tenure,Owner,1.2289966667818777,1.452532526976168,1.3499283456925955,1,1,1
2021,06,78582,tenure,Renter,0.9586068698617739,0.42044508130867114,NA,1,1,NA
2021,06,80000,tenure,All,1.287661943949644,0.9322186595269437,1.0926180505657401,2,2,2
2021,06,80000,tenure,Owner,1.2880868803716647,1.487163949444993,2.1653108660067604,2,2,2
2021,06,80000,tenure,Renter,1.2872950245946857,0.36294914098589826,0.16193122652256245,2,2,2
2021,06,80238,tenure,All,1.0405853179173,1.2682055100521221,1.1620854303781134,2,2,2
2021,06,80238,tenure,Owner,1.3436147684375286,NA,NA,2,NA,NA
2021,06,80238,tenure,Renter,NA,NA,NA,NA,NA,NA
2021,06,80854,tenure,All,1.3918260125889756,1.0615020027916564,0.8840828230187019,3,3,3
2021,06,80854,tenure,Owner,1.388642521904748,1.6212621212179064,NA,3,3,NA
2021,06,80854,tenure,Renter,1.3942672222022399,0.5764195298879393,NA,3,3,NA
2021,06,81344,tenure,All,1.2314723604256594,0.9723648813890927,0.707618879264628,2,2,2
2021,06,81344,tenure,Owner,1.8213071401586702,NA,NA,2,NA,NA
2021,06,81344,tenure,Renter,0.8341463235371803,NA,NA,2,NA,NA
2021,06,81554,tenure,All,1.0821598597070916,1.0745352619959874,1.1324924451332528,2,2,2
2021,06,81554,tenure,Owner,1.2597979023297614,1.5525618996063315,NA,2,2,NA
2021,06,81554,tenure,Renter,0.8481473669956312,NA,NA,2,NA,NA
2021,06,81666,tenure,All,1.1269006454104924,0.8636276982908051,0.814567078430591,1,1,1
2021,06,81666,tenure,Owner,1.3961909244794388,1.523376897086932,NA,1,1,NA
2021,06,81666,tenure,Renter,0.9235471166830868,0.4120455734589151,0.24020028723161643,1,1,1
2021,06,82590,tenure,All,1.420993732180845,1.2838437817447854,1.1498703767345515,2,2,2
2021,06,82590,tenure,Owner,1.6791528632586976,1.9262336767506452,NA,2,2,NA
2021,06,82590,tenure,Renter,1.1673517832279527,NA,NA,2,NA,NA
2021,06,82954,tenure,All,1.2461202150560153,0.9812453669384729,0.8673359976605907,1,1,1
2021,06,82954,tenure,Owner,1.5858258258258258,2.10998266039138,NA,1,1,NA
2021,06,82954,tenure,Renter,1.0512973155204222,0.39638210092034276,0.22234085146136398,1,1,1
2021,06,82996,tenure,All,1.370162595197262,0.7923306165675488,0.8362427620059838,2,2,2
2021,06,82996,tenure,Owner,1.4359023013867496,1.315945952558604,NA,2,2,NA
2021,06,82996,tenure,Renter,1.330041500286601,0.4060698053104173,0.12076082834564084,2,2,2
2021,06,84200,tenure,All,1.2511069140127453,1.0644284168705749,1.2551987818918988,2,2,2
2021,06,84200,tenure,Owner,1.309149533093905,1.4098511232925153,1.8644267383822593,2,2,2
2021,06,84200,tenure,Renter,1.180153316553888,0.5670279756628526,NA,2,2,NA
2021,06,84550,tenure,All,1.2732470879215447,0.9605434227077388,0.818335319975197,2,2,2
2021,06,84550,tenure,Owner,1.4453063280965581,1.5873463776985706,1.9984024898219344,2,2,2
2021,06,84550,tenure,Renter,1.1541672675489996,0.5559840338058237,0.2701477624746736,2,2,2
2021,06,85292,tenure,All,1.3492388911030082,1.1572973437990082,0.9738626593828811,2,2,2
2021,06,85292,tenure,Owner,1.474678989138127,1.607273474474223,1.7658986230751121,2,2,2
2021,06,85292,tenure,Renter,1.2208597105385284,0.6145265941527156,NA,2,2,NA
2021,08,03455,tenure,All,1.5286362817829553,1.187259822245212,1.6132090841003697,1,1,1
2021,08,03455,tenure,Owner,1.6689680831965237,1.6454776136609215,3.1142968496481767,1,1,1
2021,08,03455,tenure,Renter,1.3045035649648384,0.5525374613932019,0.21936172417535166,1,1,1
2021,08,04000,tenure,All,1.3628588644166029,0.9826557794651803,0.9366371244931987,3,3,3
2021,08,04000,tenure,Owner,1.519181600220654,1.5220546565155106,2.443765234843845,3,3,3
2021,08,04000,tenure,Renter,1.1969693475141134,0.55127574577726135,0.15518982866348627,3,3,3
2021,08,07850,tenure,All,1.2133332309077551,0.9265826266030628,0.77095875407807,2,2,2
2021,08,07850,tenure,Owner,1.8172480309710426,1.9837382429613781,2.121925550264045,2,2,2
2021,08,07850,tenure,Renter,0.913363074390834,0.40484584021956616,0.13481021897532008,2,2,2
2021,08,12815,tenure,All,1.5144490201740333,1.2995909508145334,1.5610558035082074,2,2,2
2021,08,12815,tenure,Owner,1.8839488034077534,2.159724824531249,NA,2,2,NA
2021,08,12815,tenure,Renter,1.0606999221246944,0.2954987502263869,NA,2,2,NA
2021,08,16000,tenure,All,1.3755338481359105,1.314637842909662,1.3550669412963126,3,3,3
2021,08,16000,tenure,Owner,1.6331447091939864,2.088902069668314,2.598990062236511,3,3,3
2021,08,16000,tenure,Renter,1.1010994366740205,0.5615848951859759,0.2372327638595175,3,3,3
2021,08,20000,tenure,All,1.3748420966445543,1.0258200717893167,0.8203112064003731,1,1,1
2021,08,20000,tenure,Owner,1.6344235304787011,1.5277820833956808,1.8086689809261565,1,1,1
2021,08,20000,tenure,Renter,1.2319755200936393,0.7240368348681194,0.32776393483407257,1,1,1
2021,08,27425,tenure,All,1.3828939564037928,1.2464909312366639,1.165245554614444,2,2,2
2021,08,27425,tenure,Owner,1.7490066063291674,1.9070337421958095,2.355243944120279,2,2,2
2021,08,27425,tenure,Renter,1.1080180877922288,0.7234651246353639,0.2550410344339531,2,2,2
2021,08,32155,tenure,All,1.4653500226951874,1.28521426549687,1.192740521169528,2,2,2
2021,08,32155,tenure,Owner,1.622753571245712,1.6153709304394235,1.9091499026606102,2,2,2
2021,08,32155,tenure,Renter,1.2896485477714699,0.8875552278295148,0.4604464780264995,2,2,2
2021,08,43000,tenure,All,1.4658146699824606,1.1677609303260992,1.1725351276323537,3,3,3
2021,08,43000,tenure,Owner,1.736589860857563,1.9066880699792552,2.4243065240588626,3,3,3
2021,08,43000,tenure,Renter,1.2122283564237117,0.590441259253998,0.27084521149288204,3,3,3
2021,08,45970,tenure,All,1.4764483484380684,1.351776244099665,1.4660476970689966,2,2,2
2021,08,45970,tenure,Owner,1.7180570772682213,1.9803668302764146,2.133683235566533,2,2,2
2021,08,45970,tenure,Renter,1.1806566707753483,0.6862672151448539,NA,2,2,NA
2021,08,46465,tenure,All,1.34671917124411,1.429596979639688,1.6949701778815094,2,2,2
2021,08,46465,tenure,Owner,1.4433153329407742,1.9000365149597858,NA,2,2,NA
2021,08,46465,tenure,Renter,1.1934712015040163,NA,NA,2,NA,NA
2021,08,62000,tenure,All,1.3953145203557713,1.3500541076628017,1.2025377269950988,3,3,3
2021,08,62000,tenure,Owner,1.6133964522798998,1.8604938271604938,2.1486670293797605,3,3,3
2021,08,62000,tenure,Renter,1.1544400840974847,0.8308946930234514,0.4235371004709082,3,3,3
2021,08,77290,tenure,All,1.516510731974553,1.0740322753153388,1.0525526962997287,2,2,2
2021,08,77290,tenure,Owner,1.6757594012594326,1.5434711178893754,2.079911534334176,2,2,2
2021,08,77290,tenure,Renter,1.2963908115095824,0.524169087102698,0.14438435075832817,2,2,2
2021,08,83835,tenure,All,1.5464229936009317,1.0687830046211897,1.4247857811633597,2,2,2
2021,08,83835,tenure,Owner,1.8113851667187801,1.6623848080260124,NA,2,2,NA
2021,08,83835,tenure,Renter,1.2889811072843262,0.48522538465689746,0.22594067530112516,2,2,2
2021,09,08000,tenure,All,1.2144063854271234,1.0814568356009744,0.6331046978128639,1,1,1
2021,09,08000,tenure,Owner,1.3169453814684562,1.2726156365124845,0.8219807133016991,1,1,1
2021,09,08000,tenure,Renter,1.1613154960981047,0.9856425282544998,0.5336977414704469,1,1,1
2021,09,18430,tenure,All,1.5278215891093478,1.1592420107855885,0.8007739957857541,2,2,2
2021,09,18430,tenure,Owner,1.677014076236379,1.2654996596282624,1.0199449397228335,2,2,2
2021,09,18430,tenure,Renter,1.3101148426304647,NA,NA,2,NA,NA
2021,09,37000,tenure,All,1.2342553612296217,1.1464164989175434,0.5337078651685393,3,3,3
2021,09,37000,tenure,Owner,1.1639928698752229,1.3367763631996157,NA,3,3,NA
2021,09,37000,tenure,Renter,1.2561716954555564,1.0722728503112875,0.40168482984555726,3,3,3
2021,09,52000,tenure,All,1.169397382570762,0.8313739252500438,0.5446751863684771,1,1,1
2021,09,52000,tenure,Owner,1.4389926888708366,0.9862340216322517,NA,1,1,NA
2021,09,52000,tenure,Renter,1.1195263426802513,0.7686166946411758,0.48613173368177226,1,1,1
2021,09,55990,tenure,All,1.0273093522265653,0.8449353260505329,0.5691353911868863,2,2,2
2021,09,55990,tenure,Owner,1.1061094111902086,1.0028484273636384,0.6107278622540251,2,2,2
2021,09,55990,tenure,Renter,0.9580783957942605,0.6057835424197321,0.3754973474801061,2,2,2
2021,09,73000,tenure,All,1.1794462022621641,0.8961420648551647,0.4950466181575617,3,3,3
2021,09,73000,tenure,Owner,1.5880161833951014,1.2213899625572069,NA,3,3,NA
2021,09,73000,tenure,Renter,0.9516373518927141,0.6281576628832788,0.30214597004083105,3,3,3
2021,09,80000,tenure,All,1.3472168410176935,1.2941970898318376,0.7737834283209118,2,2,2
2021,09,80000,tenure,Owner,1.7908952959028832,1.7861317327436423,1.6223058501539513,2,2,2
2021,09,80000,tenure,Renter,1.1392327026129843,1.0609998195271613,0.47254482950850135,2,2,2
2021,11,50000,tenure,All,1.3293265091031832,1.1640029213444978,0.7766065790813729,1,1,1
2021,11,50000,tenure,Owner,1.8199815426751214,1.9444538886527838,1.7319826135726304,1,1,1
2021,11,50000,tenure,Renter,1.1816128627507214,0.9250933944642554,0.5001244400199104,1,1,1
2021,12,07300,tenure,All,1.1582206676344617,1.0880880759227178,1.125336312583825,2,2,2
2021,12,07300,tenure,Owner,1.6460308751956578,1.718422436693094,1.7654682596382614,2,2,2
2021,12,07300,tenure,Renter,0.5504164288174378,0.1963028488483072,NA,2,2,NA
2021,12,07875,tenure,All,1.3991831189742523,1.2682268327183372,1.1198676470660356,2,2,2
2021,12,07875,tenure,Owner,1.6527231345383941,1.851166674909631,1.631683917394965,2,2,2
2021,12,07875,tenure,Renter,0.9457053197845197,0.21455721537183836,NA,2,2,NA
2021,12,10275,tenure,All,1.4893972194136698,1.2963489551685206,1.2688576435262926,1,1,1
2021,12,10275,tenure,Owner,1.6217487916224291,1.6634372827355315,1.65904997650737,1,1,1
2021,12,10275,tenure,Renter,1.180420321794572,0.3817514498174349,0.22196442448370376,1,1,1
2021,12,12875,tenure,All,1.431092527809107,1.1413803292148874,0.8639463946944294,2,2,2
2021,12,12875,tenure,Owner,1.513582085217287,1.459035115737569,1.2298620255714836,2,2,2
2021,12,12875,tenure,Renter,1.3206966819327461,0.6458004487785772,0.3428100202592451,2,2,2
2021,12,14400,tenure,All,1.320803215157441,1.009035798760385,0.9692269301812012,1,1,1
2021,12,14400,tenure,Owner,1.7971250341300538,2.091377621324641,NA,1,1,NA
2021,12,14400,tenure,Renter,0.9587851461557261,0.18035909264705005,NA,1,1,NA
2021,12,16475,tenure,All,1.5000486964427984,1.0522913135382803,1.0142339163029677,2,2,2
2021,12,16475,tenure,Owner,1.6084454601305618,1.7243454946111332,NA,2,2,NA
2021,12,16475,tenure,Renter,1.3630889888025886,0.33904660783978136,NA,2,2,NA
2021,12,16725,tenure,All,1.2403541935342328,0.9779794068788715,1.0775677437377782,2,2,2
2021,12,16725,tenure,Owner,1.361224151894972,1.2964830187273633,1.5330842285536352,2,2,2
2021,12,16725,tenure,Renter,1.05806020121574,0.4513575175351615,NA,2,2,NA
2021,12,17200,tenure,All,1.6390767953602792,1.6725177283253945,1.4421697993126565,2,2,2
2021,12,17200,tenure,Owner,1.8745595783362392,1.9960491778190423,1.7458068765296795,2,2,2
2021,12,17200,tenure,Renter,NA,NA,NA,NA,NA,NA
2021,12,17935,tenure,All,0.9749323646364872,0.6606243087132849,0.6344200330734704,2,2,2
2021,12,17935,tenure,Owner,1.1321124439402643,1.112927565392354,NA,2,2,NA
2021,12,17935,tenure,Renter,0.8496806297980939,0.11079067531843308,NA,2,2,NA
2021,12,24000,tenure,All,1.2173850671316593,0.8268741708653364,0.6041741905617188,3,3,3
2021,12,24000,tenure,Owner,1.3377468273036202,1.4410102725646932,1.3707375774284367,3,3,3
2021,12,24000,tenure,Renter,1.1355398105564851,0.4496650779424341,0.17917268259379088,3,3,3
2021,12,24125,tenure,All,1.5365223869875035,1.1788817951865715,0.9281440929985503,2,2,2
2021,12,24125,tenure,Owner,1.7337079148434398,1.8061292259256234,1.686214126968816,2,2,2
2021,12,24125,tenure,Renter,1.3864600792714814,0.6650469951579058,0.3499790875882069,2,2,2
2021,12,25175,tenure,All,1.3808218776702317,0.9894094582692791,0.7855526234656921,1,1,1
2021,12,25175,tenure,Owner,1.9455814176221566,2.1210645454820307,2.2372573855664846,1,1,1
2021,12,25175,tenure,Renter,1.135601675944223,0.5194506135129607,0.18906697369520095,1,1,1
2021,12,30000,tenure,All,1.1871478672340283,0.8834377011699489,0.821590848266499,2,2,2
2021,12,30000,tenure,Owner,1.287077259665807,1.3372741187575241,1.34327609041134,2,2,2
2021,12,30000,tenure,Renter,1.1090857989873348,0.47759971969955656,0.30991928387936823,2,2,2
2021,12,32000,tenure,All,1.2420654662099941,0.8494704629061374,0.7230144395581959,2,2,2
2021,12,32000,tenure,Owner,1.4386179842593843,1.341998772228087,1.2889989962471755,2,2,2
2021,12,32000,tenure,Renter,1.0753335139204399,0.37256607574077383,0.09018282291892946,2,2,2
2021,12,32275,tenure,All,1.2668165193584435,1.0481863074595295,0.7934691882403059,3,3,3
2021,12,32275,tenure,Owner,1.30412248556007,1.710186441980911,NA,3,3,NA
2021,12,32275,tenure,Renter,1.2385670981793389,0.600201845529624,NA,3,3,NA
2021,12,35000,tenure,All,1.407190906170642,1.1737136666236534,1.0317174418207606,3,3,3
2021,12,35000,tenure,Owner,1.717510781805806,1.9472490510723106,2.052417868067537,3,3,3
2021,12,35000,tenure,Renter,1.1464118523826627,0.5503479820478703,0.25443627796257867,3,3,3
2021,12,36950,tenure,All,1.2725653736339666,0.8594613832000015,0.7634550352312821,2,2,2
2021,12,36950,tenure,Owner,1.5667593467155951,1.4531548384144064,NA,2,2,NA
2021,12,36950,tenure,Renter,1.0110348981867285,0.30256634847976027,NA,2,2,NA
2021,12,38250,tenure,All,1.6772869907617718,1.4573234736832783,1.522937680104875,2,2,2
2021,12,38250,tenure,Owner,1.8356931761033277,2.1599441573545977,2.5713715218657067,2,2,2
2021,12,38250,tenure,Renter,1.459711411518455,0.4790220645308574,0.24104930321270085,2,2,2
2021,12,39425,tenure,All,1.7034461116714246,1.390345586373351,1.3252157976490948,2,2,2
2021,12,39425,tenure,Owner,1.7565576830794631,1.97797814554401,2.012852739056065,2,2,2
2021,12,39425,tenure,Renter,1.6351821538594726,0.5678118675246847,0.23190494426435374,2,2,2
2021,12,43975,tenure,All,1.6173429806764785,1.572489651801086,1.5735119701275964,2,2,2
2021,12,43975,tenure,Owner,1.7102892116864996,2.087847024201268,2.3171779141885236,2,2,2
2021,12,43975,tenure,Renter,1.4534710169420078,0.6442618999773978,NA,2,2,NA
2021,12,45000,tenure,All,0.9954410003504475,0.7463905039128722,0.5238483983283511,2,2,2
2021,12,45000,tenure,Owner,1.170684373557763,1.1664923776818923,1.0619055050449724,2,2,2
2021,12,45000,tenure,Renter,0.9426973368457117,0.5811115199729694,0.30125745119114733,2,2,2
2021,12,45025,tenure,All,1.050827269980536,0.6859711455851952,0.5823560892786257,2,2,2
2021,12,45025,tenure,Owner,1.2719942138771894,1.0665567042416153,0.8655558912569455,2,2,2
2021,12,45025,tenure,Renter,0.9502178217198095,0.45830969859206083,0.4033062904874191,2,2,2
2021,12,45060,tenure,All,1.1781691635442875,0.9732527569194611,0.8874876426607519,2,2,2
2021,12,45060,tenure,Owner,1.0989761021423379,1.2582210996101695,1.099338320003523,2,2,2
2021,12,45060,tenure,Renter,1.2930213689393137,0.5701719424794897,0.4722034004270223,2,2,2
2021,12,45975,tenure,All,1.3818065344147148,1.1778732226997481,0.9369615725381308,2,2,2
2021,12,45975,tenure,Owner,1.552434914077715,1.8587580370684469,1.4865443419376652,2,2,2
2021,12,45975,tenure,Renter,1.1837975402956142,0.2937534275292524,0.025976283506272436,2,2,2
2021,12,49675,tenure,All,1.6558527989809781,2.09444221853357,1.851071888493296,3,3,3
2021,12,49675,tenure,Owner,1.8712779760409353,2.5764438523626674,2.3133621143519005,3,3,3
2021,12,49675,tenure,Renter,NA,NA,NA,NA,NA,NA
2021,12,53000,tenure,All,1.2548405951241746,0.7065556162689904,0.6035771799394558,3,3,3
2021,12,53000,tenure,Owner,1.5451428231755162,1.4983674186575444,1.4110565648079472,3,3,3
2021,12,53000,tenure,Renter,1.1013177542624093,0.29760625506643956,0.19556173007499972,3,3,3
2021,12,54000,tenure,All,1.4257788259568593,1.2821041062815386,1.4234347312463085,1,1,1
2021,12,54000,tenure,Owner,1.5783777225684634,1.6762356072022875,1.9806522940851299,1,1,1
2021,12,54000,tenure,Renter,1.0285121532581414,0.36984879928846726,NA,1,1,NA
2021,12,54200,tenure,All,1.4102927959888367,1.5028487569060776,1.6251868890166763,2,2,2
2021,12,54200,tenure,Owner,1.662433531435721,2.0682503770739062,2.1667204648160103,2,2,2
2021,12,54200,tenure,Renter,0.6285880527540729,NA,NA,2,NA,NA
2021,12,55775,tenure,All,1.5250813454724461,1.2365692202802547,1.0074102450946358,2,2,2
2021,12,55775,tenure,Owner,1.7106716203963528,1.9458620386271117,1.6695334702106042,2,2,2
2021,12,55775,tenure,Renter,1.2781034835992673,0.30321470132491424,0.040704623232345784,2,2,2
2021,12,57425,tenure,All,1.31943454623823,0.9872610465294496,0.8790588537410412,2,2,2
2021,12,57425,tenure,Owner,1.414920939366159,1.3414320471439332,1.131339674091629,2,2,2
2021,12,57425,tenure,Renter,1.1788602992507977,0.3041850699342112,NA,2,2,NA
2021,12,58050,tenure,All,1.3098229423660934,0.8559507694794932,0.6789865246148363,2,2,2
2021,12,58050,tenure,Owner,1.3566832986264326,1.2659827709711342,1.1042348907927697,2,2,2
2021,12,58050,tenure,Renter,1.258666922737154,0.3778020936194889,0.15794878420739691,2,2,2
2021,12,58715,tenure,All,1.6077311387397266,1.7521226910883487,2.050548761476079,1,1,1
2021,12,58715,tenure,Owner,1.8091301976229937,2.115416901307015,2.4730475738042457,1,1,1
2021,12,58715,tenure,Renter,0.8714932949675683,NA,NA,1,NA,NA
2021,12,63000,tenure,All,1.3466968139779314,1.1479645072765876,0.9717537551955202,3,3,3
2021,12,63000,tenure,Owner,1.6084490198839232,1.7897725415397263,1.6432697411524901,3,3,3
2021,12,63000,tenure,Renter,1.0896499873135774,0.4884764688545306,0.27819264173163866,3,3,3
2021,12,69700,tenure,All,1.267159962711799,0.9374108201653247,0.8476504770743392,2,2,2
2021,12,69700,tenure,Owner,1.4332889600733933,1.3110866774931484,1.1028621284109859,2,2,2
2021,12,69700,tenure,Renter,1.0190281843575768,0.2158378030458806,NA,2,2,NA
2021,12,70600,tenure,All,1.4217329065048225,0.9814365210240574,0.7130862051463479,1,1,1
2021,12,70600,tenure,Owner,1.8777712534142261,2.428567903738101,2.3880472926312373,1,1,1
2021,12,70600,tenure,Renter,1.2313208323636498,0.536358179590439,0.2109537786254705,1,1,1
2021,12,71000,tenure,All,1.2771635190518635,0.9128579474399539,0.7935963283604344,2,2,2
2021,12,71000,tenure,Owner,1.6765275805491513,1.7541986120154145,1.648637779838186,2,2,2
2021,12,71000,tenure,Renter,1.0498670620223491,0.47546223381722996,0.3336826217289692,2,2,2
2021,12,76600,tenure,All,1.240161556548936,0.9711430492947732,0.7066161412095593,2,2,2
2021,12,76600,tenure,Owner,1.3728347495460675,1.551197896383622,1.2002951702878935,2,2,2
2021,12,76600,tenure,Renter,1.1370913362429853,0.5248966003074595,0.27278971253053774,2,2,2
2021,13,03440,tenure,All,1.3635048988068905,0.9991098544350194,0.7953884503531367,2,2,2
2021,13,03440,tenure,Owner,1.9138142778831464,2.243530020703934,1.9267692307692306,2,2,2
2021,13,03440,tenure,Renter,1.1744743067936316,0.6403439674412499,0.4081486776268764,2,2,2
2021,13,04000,tenure,All,1.3920117318625018,0.9767218532148986,0.7754210089061018,3,3,3
2021,13,04000,tenure,Owner,1.8548663363866995,1.764720085481834,1.4928160059843791,3,3,3
2021,13,04000,tenure,Renter,1.1993840970106222,0.6281600474014949,0.4420216279157697,3,3,3
2021,13,04204,tenure,All,1.5624576418757365,1.2130278931246108,1.0474236999737252,1,1,1
2021,13,04204,tenure,Owner,1.9953626431312699,2.1987200670880993,2.2150437173292077,1,1,1
2021,13,04204,tenure,Renter,1.3038045411827968,0.7001491606845073,0.48455649631886116,1,1,1
2021,13,19000,tenure,All,1.6495255646502045,1.3180136925818693,1.08823332268598,3,3,3
2021,13,19000,tenure,Owner,2.3742514196100055,2.509595657779576,2.4822604242867596,3,3,3
2021,13,19000,tenure,Renter,1.3505666502763642,0.7930216080195328,0.5182626159087675,3,3,3
2021,13,42425,tenure,All,2.0293954714980127,NA,NA,2,NA,NA
2021,13,42425,tenure,Owner,2.466055068118755,NA,NA,2,NA,NA
2021,13,42425,tenure,Renter,NA,NA,NA,NA,NA,NA
2021,13,49008,tenure,All,1.6143899819776562,1.4100403017717806,1.3806529930155658,1,1,1
2021,13,49008,tenure,Owner,2.3260933441287444,2.9702182946925912,2.922574115278885,1,1,1
2021,13,49008,tenure,Renter,1.2060049827100747,0.640693794691227,0.6111053407541421,1,1,1
2021,13,67284,tenure,All,1.6772840590350584,1.2737928199931756,NA,2,2,NA
2021,13,67284,tenure,Owner,2.4929845414575387,NA,NA,2,NA,NA
2021,13,67284,tenure,Renter,1.1767633915362792,NA,NA,2,NA,NA
2021,13,68516,tenure,All,1.442960541676395,0.9250875774723796,0.5448926480156148,1,1,1
2021,13,68516,tenure,Owner,2.309913217623498,NA,NA,1,NA,NA
2021,13,68516,tenure,Renter,1.1061401802502755,0.4681419305608547,NA,1,1,NA
2021,13,69000,tenure,All,1.4828045858794576,1.0677351541635907,0.8610464313562387,3,3,3
2021,13,69000,tenure,Owner,1.8075497403770553,1.8680112933855286,1.741592780955388,3,3,3
2021,13,69000,tenure,Renter,1.2587184589095473,0.5510827874195797,0.2697867938943332,3,3,3
2021,13,80508,tenure,All,2.619939304043172,2.2313307510290663,1.9100144657544647,2,2,2
2021,13,80508,tenure,Owner,3.2350947261575067,NA,NA,2,NA,NA
2021,13,80508,tenure,Renter,2.080956324248766,NA,NA,2,NA,NA
2021,15,71550,tenure,All,1.15625943589724,1.0508042570302365,0.9401443100038477,1,1,1
2021,15,71550,tenure,Owner,1.2079828512651114,1.2774749575269215,1.5949688534559328,1,1,1
2021,15,71550,tenure,Renter,1.120322703230355,0.7777475691579758,0.39157587178472875,1,1,1
2021,16,08830,tenure,All,1.6057843741071223,1.4388379438856485,1.3719073404086708,2,2,2
2021,16,08830,tenure,Owner,2.0127870998247865,2.3248680782885836,2.4057991378739296,2,2,2
2021,16,08830,tenure,Renter,1.2188339237006467,0.6145514302297072,0.34370758608410273,2,2,2
2021,16,52120,tenure,All,1.4802872596573549,1.449619872279781,1.4843605525513937,3,3,3
2021,16,52120,tenure,Owner,1.7729884215120386,NA,NA,3,NA,NA
2021,16,52120,tenure,Renter,1.0211745810589836,NA,NA,3,NA,NA
2021,16,56260,tenure,All,1.7068447419531787,1.5708165896790747,1.7301058934748563,2,2,2
2021,16,56260,tenure,Owner,1.9989723249471882,2.1441056844790696,NA,2,2,NA
2021,16,56260,tenure,Renter,1.268322936091032,0.6028081121285901,NA,2,2,NA
2021,17,02154,tenure,All,1.8939880671368774,1.5315203183422232,0.9469651073211786,3,3,3
2021,17,02154,tenure,Owner,1.8738995198374524,1.8753071858465766,NA,3,3,NA
2021,17,02154,tenure,Renter,1.9231120229648817,NA,NA,3,NA,NA
2021,17,03012,tenure,All,1.7619890915088978,1.4905088555569594,1.1367332423107623,2,2,2
2021,17,03012,tenure,Owner,2.075423323293535,2.2568053800928936,2.454577155001504,2,2,2
2021,17,03012,tenure,Renter,1.4326668798543205,0.8619103179003896,0.15608118935372162,2,2,2
2021,17,06613,tenure,All,1.737905401227795,1.8334066403069846,1.548405931706929,2,2,2
2021,17,06613,tenure,Owner,2.073441562322678,2.3880335847135314,NA,2,2,NA
2021,17,06613,tenure,Renter,1.4283551761566284,1.3734037048554342,0.803117609190305,2,2,2
2021,17,12385,tenure,All,1.8897753097891568,1.8579435624659497,1.2517562443707693,3,3,3
2021,17,12385,tenure,Owner,2.6805500247843863,3.272636382532275,NA,3,3,NA
2021,17,12385,tenure,Renter,1.5096160421527172,1.3284014227542422,0.41117904319924503,3,3,3
2021,17,14000,tenure,All,1.3179438198377047,1.1001065026864356,0.6361342479387684,1,1,1
2021,17,14000,tenure,Owner,1.4756831590462027,1.4761202738694619,1.2718656242588118,1,1,1
2021,17,14000,tenure,Renter,1.241276409621183,0.894848145747014,0.34977458699808117,1,1,1
2021,17,14351,tenure,All,1.4800226891299335,1.3838671323606053,0.6223079196384067,2,2,2
2021,17,14351,tenure,Owner,1.5916891376043967,NA,NA,2,NA,NA
2021,17,14351,tenure,Renter,1.401194116790447,1.1559726284270957,NA,2,2,NA
2021,17,23074,tenure,All,1.650656339580953,1.4699493062274311,1.1136113368448488,2,2,2
2021,17,23074,tenure,Owner,1.7853339410157552,1.8679106112581962,NA,2,2,NA
2021,17,23074,tenure,Renter,1.429967834728713,0.8722290624761866,NA,2,2,NA
2021,17,24582,tenure,All,1.5099684676883527,1.2622522671709677,0.7756166504098991,2,2,2
2021,17,24582,tenure,Owner,1.6580556293524982,1.5074467045232656,NA,2,2,NA
2021,17,24582,tenure,Renter,1.3215968398636198,NA,NA,2,NA,NA
2021,17,38570,tenure,All,1.662935073707642,1.498166406409555,1.277237173410392,2,2,2
2021,17,38570,tenure,Owner,1.929044014311483,1.7727903342672477,2.123443044833292,2,2,2
2021,17,38570,tenure,Renter,1.252026425654509,0.9859213197629462,0.3763000249508912,2,2,2
2021,17,51622,tenure,All,1.6445030847522761,1.1167993599810904,0.6436508205508403,2,2,2
2021,17,51622,tenure,Owner,1.9404702295080676,1.763819498135456,NA,2,2,NA
2021,17,51622,tenure,Renter,1.2963767755605344,0.3814504740831005,NA,2,2,NA
2021,17,59000,tenure,All,1.5038301469028568,1.695287772381864,1.4073516980548257,3,3,3
2021,17,59000,tenure,Owner,1.803854894413881,2.5088329322926355,2.9112368703084233,3,3,3
2021,17,59000,tenure,Renter,1.2027383127515054,1.0098120838186881,0.4780618319173459,3,3,3
2021,17,65000,tenure,All,1.6193689279454142,1.5771269047863745,1.4891972663603652,3,3,3
2021,17,65000,tenure,Owner,1.9501073544781145,2.269300962467037,2.947825139491494,3,3,3
2021,17,65000,tenure,Renter,1.326307957035646,1.02159934192841,0.6473750703463789,3,3,3
2021,17,68003,tenure,All,1.7018918676295212,1.2955193911242122,0.9043831874203103,2,2,2
2021,17,68003,tenure,Owner,1.7864337273713184,1.7996753604765017,NA,2,2,NA
2021,17,68003,tenure,Renter,1.5726918439936,NA,NA,2,NA,NA
2021,17,72000,tenure,All,1.9107869179413657,2.2152102811381864,1.6722326466820376,2,2,2
2021,17,72000,tenure,Owner,2.2110056743071267,2.904872476251372,2.8944446401378516,2,2,2
2021,17,72000,tenure,Renter,1.5335112695973585,1.513712211426812,0.6751949653932566,2,2,2
2021,17,79293,tenure,All,1.6550089193379287,1.6511120179284169,1.1621186867983528,2,2,2
2021,17,79293,tenure,Owner,2.119657035933025,2.2377987358816003,NA,2,2,NA
2021,17,79293,tenure,Renter,1.2820274555204094,1.2587053740335614,NA,2,2,NA
2021,18,05860,tenure,All,1.486684840201383,1.2790012177076802,0.8070917267483225,2,2,2
2021,18,05860,tenure,Owner,2.130558436855315,2.591430066324512,NA,2,2,NA
2021,18,05860,tenure,Renter,1.0925993282552178,0.7056870935691395,0.19987168103871308,2,2,2
2021,18,10342,tenure,All,2.2057235523182066,2.2027487377353254,NA,2,2,NA
2021,18,10342,tenure,Owner,2.6252391186540414,NA,NA,2,NA,NA
2021,18,10342,tenure,Renter,1.744860702630397,NA,NA,2,NA,NA
2021,18,22000,tenure,All,1.556504507731568,1.8431404813744605,1.7420334196864455,3,3,3
2021,18,22000,tenure,Owner,1.6670734977163477,2.4121001590215316,3.034112308566678,3,3,3
2021,18,22000,tenure,Renter,1.4116103881413045,1.2391725722027565,0.7802378580778307,3,3,3
2021,18,23278,tenure,All,2.4410260473025684,2.6427925402361745,NA,2,2,NA
2021,18,23278,tenure,Owner,2.77455578363875,NA,NA,2,NA,NA
2021,18,23278,tenure,Renter,NA,NA,NA,NA,NA,NA
2021,18,25000,tenure,All,1.7976024286276486,1.7719781499048552,1.4733039132528527,1,1,1
2021,18,25000,tenure,Owner,2.202117707387004,2.6357685483308435,2.861170784699139,1,1,1
2021,18,25000,tenure,Renter,1.3972368413003917,1.0536766495693377,0.48996618671566555,1,1,1
2021,18,31000,tenure,All,1.509256809111792,1.540141705947884,1.265195783733804,3,3,3
2021,18,31000,tenure,Owner,1.6437509900205922,2.1664902064584433,1.88232023721275,3,3,3
2021,18,31000,tenure,Renter,1.3990677540112462,0.9675470580342058,0.6559685516386258,3,3,3
2021,18,36003,tenure,All,1.6208664658532117,1.5874381415978722,1.0722617186015069,1,1,1
2021,18,36003,tenure,Owner,2.022917566399086,2.2967395499434478,2.1856847183346186,1,1,1
2021,18,36003,tenure,Renter,1.327321704785802,1.114670594406256,0.3743448026336642,1,1,1
2021,18,71000,tenure,All,1.867419258393408,1.7605050496763894,1.6170954723618547,3,3,3
2021,18,71000,tenure,Owner,2.2596202019930196,2.4856521383665444,2.863138894841477,3,3,3
2021,18,71000,tenure,Renter,1.5000832090848462,1.076981993844149,0.6689883185020801,3,3,3
2021,19,12000,tenure,All,1.6348597453352562,1.896539199990373,1.6808529950722377,3,3,3
2021,19,12000,tenure,Owner,1.8445331071343951,2.504429436158385,NA,3,3,NA
2021,19,12000,tenure,Renter,1.2973296954108307,1.286009786511227,0.8346807729775283,3,3,3
2021,19,19000,tenure,All,1.7402545711504516,2.1166534111362054,1.7474645157445325,3,3,3
2021,19,19000,tenure,Owner,2.1244017965036224,2.7556671054559447,NA,3,3,NA
2021,19,19000,tenure,Renter,1.319093349022273,1.4364525739073273,NA,3,3,NA
2021,19,21000,tenure,All,1.7178816352761965,1.6546203522435998,1.2160815336132103,3,3,3
2021,19,21000,tenure,Owner,2.065999049482545,2.3802594353001623,2.634116634017724,3,3,3
2021,19,21000,tenure,Renter,1.392189543083128,1.1560626663579134,0.39865989322164885,3,3,3
2021,19,73335,tenure,All,1.8285167685761052,1.9801487187189462,2.0874279862991836,2,2,2
2021,19,73335,tenure,Owner,1.9678542716110077,2.1536842780458825,2.7851526709730337,2,2,2
2021,19,73335,tenure,Renter,1.6109670830725824,NA,NA,2,NA,NA
2021,20,36000,tenure,All,1.502272322177092,1.5050328985500698,1.1780567473478198,3,3,3
2021,20,36000,tenure,Owner,1.698855251008392,1.999228081503184,2.4759647577239376,3,3,3
2021,20,36000,tenure,Renter,1.3034560811864075,1.0073584261929325,0.34690415332558283,3,3,3
2021,20,38900,tenure,All,1.52050535225789,1.3574316949508354,0.8311045546133111,1,1,1
2021,20,38900,tenure,Owner,1.8009688443569203,NA,NA,1,NA,NA
2021,20,38900,tenure,Renter,1.3795302511466838,1.082591442615722,0.2912105353480132,1,1,1
2021,20,52575,tenure,All,1.8569202159868852,1.6546877970174043,1.1337450527960107,2,2,2
2021,20,52575,tenure,Owner,2.3507924103575015,2.4491389883488353,NA,2,2,NA
2021,20,52575,tenure,Renter,1.4148629397243646,0.9538182314861908,NA,2,2,NA
2021,20,53775,tenure,All,1.9349862378109168,1.682924283474314,1.1417581010439342,2,2,2
2021,20,53775,tenure,Owner,2.516859556243979,2.9718158605343308,NA,2,2,NA
2021,20,53775,tenure,Renter,1.5058007176787642,0.8272943197135658,NA,2,2,NA
2021,20,71000,tenure,All,1.4999107146687012,1.495163887946768,1.3409375759400897,3,3,3
2021,20,71000,tenure,Owner,1.5570654645787323,1.825812951221369,1.90037159772073,3,3,3
2021,20,71000,tenure,Renter,1.4368613923731361,1.19080986546343,0.8497886805423299,3,3,3
2021,20,79000,tenure,All,1.6438937135023894,1.7402136099585954,1.3821567921277018,2,2,2
2021,20,79000,tenure,Owner,1.874956654553968,2.583318940140895,2.695697954742744,2,2,2
2021,20,79000,tenure,Renter,1.4428772746418241,1.2149524285494036,0.6724426985646526,2,2,2
2021,21,46027,tenure,All,1.6056587728275127,1.3617710100919889,0.9375412567189514,1,1,1
2021,21,46027,tenure,Owner,2.2799912816041847,2.607622936872554,2.306268151016457,1,1,1
2021,21,46027,tenure,Renter,1.2725510885247313,0.8454319791729733,0.3547496708989766,1,1,1
2021,21,48006,tenure,All,1.70076113852263,1.4577731925164266,1.2834591181499058,2,2,2
2021,21,48006,tenure,Owner,1.9422843587293517,2.0820729064576105,2.1571476960086375,2,2,2
2021,21,48006,tenure,Renter,1.4299416981124786,0.8677177741380568,0.44286442019121247,2,2,2
2021,22,05000,tenure,All,1.4528864362140794,1.2484370886788594,0.9486422131866331,3,3,3
2021,22,05000,tenure,Owner,1.7649380928177862,1.8067826840647427,1.8605415236456355,3,3,3
2021,22,05000,tenure,Renter,1.2706151096141303,0.8995609314300085,0.43011647332107444,3,3,3
2021,22,40735,tenure,All,1.8192549438121068,1.6384487105455745,1.4312151956409795,2,2,2
2021,22,40735,tenure,Owner,2.2170884025822306,2.5879392681887468,2.784201697815798,2,2,2
2021,22,40735,tenure,Renter,1.4164421420219326,0.847411302191448,0.38539305348598163,2,2,2
2021,22,41155,tenure,All,1.6226009377003363,1.622895431225462,1.6602210865806954,2,2,2
2021,22,41155,tenure,Owner,1.8672511666378833,2.2392872167850486,NA,2,2,NA
2021,22,41155,tenure,Renter,1.2320828179537482,NA,NA,2,NA,NA
2021,22,55000,tenure,All,1.2126226387465222,0.900152787184778,0.7571431327532653,3,3,3
2021,22,55000,tenure,Owner,1.4894224924012158,1.564846909300982,1.4862535388486946,3,3,3
2021,22,55000,tenure,Renter,1.0496447554449952,0.4958211401147138,0.3382770326673716,3,3,3
2021,22,70000,tenure,All,1.559949418173538,1.3468081012813895,1.214680561724042,3,3,3
2021,22,70000,tenure,Owner,1.7640001711151594,2.186181199749022,2.1445302184053774,3,3,3
2021,22,70000,tenure,Renter,1.3809592997267328,0.643072586655097,0.44851287655439037,3,3,3
2021,24,04000,tenure,All,1.3651696422728437,1.218843648208469,0.7746205887730847,2,2,2
2021,24,04000,tenure,Owner,1.6113990443728503,1.6234615570249529,1.395336662371134,2,2,2
2021,24,04000,tenure,Renter,1.2128122652593463,0.9815638750276542,0.460780029019457,2,2,2
2021,24,30325,tenure,All,1.519413641966033,1.3785797962711175,1.1911359461914333,2,2,2
2021,24,30325,tenure,Owner,1.8534553661683122,1.799572449115423,NA,2,2,NA
2021,24,30325,tenure,Renter,1.1666685737434692,0.9432071353435949,NA,2,2,NA
2021,25,07000,tenure,All,1.2389182351059616,0.9414683427923123,0.7791727227252191,2,2,2
2021,25,07000,tenure,Owner,1.5144471998250697,1.4477177070632856,1.4797325275154725,2,2,2
2021,25,07000,tenure,Renter,1.1599096778046416,0.7903254709595537,0.6085478305493908,2,2,2
2021,25,09000,tenure,All,1.2108534274968452,1.0166445721019297,0.901707881159936,2,2,2
2021,25,09000,tenure,Owner,1.367056294504904,1.4438321853475267,NA,2,2,NA
2021,25,09000,tenure,Renter,1.0657981637237968,0.7191891455338395,0.5460835509138381,2,2,2
2021,25,11000,tenure,All,1.118335124411011,0.8325389444315275,0.8133870524677227,3,3,3
2021,25,11000,tenure,Owner,1.3602202785876256,1.5707130229817325,NA,3,3,NA
2021,25,11000,tenure,Renter,1.0354605993340733,0.6215061549601738,0.5326776649746193,3,3,3
2021,25,23000,tenure,All,1.338434357881629,1.4295905092220869,0.659672927517839,2,2,2
2021,25,23000,tenure,Owner,1.6843189447842961,1.8857411281930083,NA,2,2,NA
2021,25,23000,tenure,Renter,1.2219575112558363,1.2898569968601399,0.5956345632987796,2,2,2
2021,25,34550,tenure,All,1.294715978688247,1.087217068601081,0.7344768837732114,2,2,2
2021,25,34550,tenure,Owner,1.4877693977319277,1.6740297059693936,NA,2,2,NA
2021,25,34550,tenure,Renter,1.1884137296923227,0.8292044446743719,0.44871216171009,2,2,2
2021,25,37000,tenure,All,1.2383521666836337,1.035964588712652,0.902500434103143,3,3,3
2021,25,37000,tenure,Owner,1.4803745766088863,1.337909654561559,1.1397131552917903,3,3,3
2021,25,37000,tenure,Renter,1.1133240697853946,0.8739439452863081,0.7245116403532245,3,3,3
2021,25,37490,tenure,All,1.1980781195566224,0.9984651633508554,0.8081864754545381,1,1,1
2021,25,37490,tenure,Owner,1.3020589422688738,1.27794518582293,NA,1,1,NA
2021,25,37490,tenure,Renter,1.1177009825393192,0.813335697603799,0.5193690694228438,1,1,1
2021,25,45000,tenure,All,1.3362923229047152,1.207695160056278,0.6924678635894739,3,3,3
2021,25,45000,tenure,Owner,1.399581687337283,1.212962962962963,1.0606867181261646,3,3,3
2021,25,45000,tenure,Renter,1.3017343111443096,1.1516985193840295,0.47968656521571457,3,3,3
2021,25,45560,tenure,All,1.373929189157372,1.1678102465967128,0.8184857733932802,2,2,2
2021,25,45560,tenure,Owner,1.9621054819327584,1.9554522558088294,NA,2,2,NA
2021,25,45560,tenure,Renter,0.9796129709975058,0.5657913265421957,0.49521705399585086,2,2,2
2021,25,55745,tenure,All,1.311553210411076,1.0434757963949666,0.8024953318621627,1,1,1
2021,25,55745,tenure,Owner,1.607178911946158,1.4916180071576566,NA,1,1,NA
2021,25,55745,tenure,Renter,1.1690473636940188,0.76566934241466,0.5270424463715199,1,1,1
2021,25,62535,tenure,All,1.2969725266692924,0.8017137563579124,0.702218067476842,2,2,2
2021,25,62535,tenure,Owner,1.28382929743515,NA,NA,2,NA,NA
2021,25,62535,tenure,Renter,1.303022676348644,0.5844460414552103,0.3700822404978884,2,2,2
2021,25,67000,tenure,All,1.260372360746759,0.9203622411945663,0.7241751237927146,3,3,3
2021,25,67000,tenure,Owner,1.4806838067034593,1.208352996696555,1.091732979664014,3,3,3
2021,25,67000,tenure,Renter,1.1262446220036877,0.7407968711806404,0.5418005418005418,3,3,3
2021,25,82000,tenure,All,1.4153486577866528,1.056822101665151,0.746307765602668,3,3,3
2021,25,82000,tenure,Owner,1.8007447248655357,1.6208505532595654,1.1812048192771085,3,3,3
2021,25,82000,tenure,Renter,1.2697286143071536,0.8435296047236346,0.5814726840855107,3,3,3
2021,26,03000,tenure,All,1.4731368602854742,1.204535961293282,0.7312319137671933,3,3,3
2021,26,03000,tenure,Owner,2.4167209709620034,2.937635011583196,NA,3,3,NA
2021,26,03000,tenure,Renter,1.1802837275701514,0.8105251410884261,0.31205001201602245,3,3,3
2021,26,21000,tenure,All,1.5772519353494043,1.377842373344138,0.9616761529234936,3,3,3
2021,26,21000,tenure,Owner,1.7124447944129706,1.9018072972703248,1.3700135358898673,3,3,3
2021,26,21000,tenure,Renter,1.3634413660084312,0.5664340476234536,NA,3,3,NA
2021,26,22000,tenure,All,1.3481327722644671,1.3166030960773456,1.161694252171375,1,1,1
2021,26,22000,tenure,Owner,1.5554314816945936,1.8228878439415448,2.0979997611272347,1,1,1
2021,26,22000,tenure,Renter,1.175300908719615,0.8661130699562867,0.44022105580295084,1,1,1
2021,26,27440,tenure,All,1.6249890360448955,1.095760039774536,0.6791480124813458,2,2,2
2021,26,27440,tenure,Owner,1.8852813852813852,1.765967420602367,NA,2,2,NA
2021,26,27440,tenure,Renter,1.4523128108484988,0.6128796276146492,NA,2,2,NA
2021,26,29000,tenure,All,1.5029658224272668,1.5651231669435817,1.3391980360065467,3,3,3
2021,26,29000,tenure,Owner,1.9553355103760666,2.3120755342057313,2.3305439330543933,3,3,3
2021,26,29000,tenure,Renter,1.1374585071069878,0.8972585190878811,0.5504791001249827,3,3,3
2021,26,34000,tenure,All,1.6204633917176023,1.3991949034533944,1.2582650209870636,1,1,1
2021,26,34000,tenure,Owner,1.9219739289114488,2.189639836715019,2.58115316322734,1,1,1
2021,26,34000,tenure,Renter,1.3701584558157245,0.8629843884249802,0.4990588513904922,1,1,1
2021,26,46000,tenure,All,1.668595383966951,1.83365799411566,1.4361598342951087,3,3,3
2021,26,46000,tenure,Owner,1.8761711468953624,2.6026875405415337,2.6349416596248925,3,3,3
2021,26,46000,tenure,Renter,1.4739957667968404,1.2588757036475222,0.5826489207990039,3,3,3
2021,26,49000,tenure,All,1.9176384747885222,1.8478123839906047,1.594802624042847,2,2,2
2021,26,49000,tenure,Owner,1.9980922641675807,2.172903955696013,2.167633280409072,2,2,2
2021,26,49000,tenure,Renter,NA,NA,NA,NA,NA,NA
2021,26,69035,tenure,All,2.067246172121055,1.6222783907804286,1.2884995715149146,2,2,2
2021,26,69035,tenure,Owner,2.4095115729006107,NA,NA,2,NA,NA
2021,26,69035,tenure,Renter,NA,NA,NA,NA,NA,NA
2021,26,74900,tenure,All,1.6343477995540985,1.1032806498974872,0.6791480124813458,2,2,2
2021,26,74900,tenure,Owner,1.8852813852813854,NA,NA,2,NA,NA
2021,26,74900,tenure,Renter,1.4678801162530564,NA,NA,2,NA,NA
2021,26,76460,tenure,All,1.5496206843164577,1.364777179236043,1.1749086960813344,1,1,1
2021,26,76460,tenure,Owner,1.685582224202261,1.8404809619238478,1.7802816901408451,1,1,1
2021,26,76460,tenure,Renter,1.2397512374666837,0.5624606670862178,NA,1,1,NA
2021,26,80700,tenure,All,1.9165728126037769,1.6323140118667274,1.2947647448641484,2,2,2
2021,26,80700,tenure,Owner,2.337967031827789,2.206609109854123,NA,2,2,NA
2021,26,80700,tenure,Renter,1.3513316307916818,NA,NA,2,NA,NA
2021,26,84000,tenure,All,1.7761570194924716,1.5351561000259015,1.47095617572715,2,2,2
2021,26,84000,tenure,Owner,2.09091451975876,2.0736599721368743,2.495449284945168,2,2,2
2021,26,84000,tenure,Renter,1.3636395426728884,0.7656835205992509,0.3118591934381408,2,2,2
2021,26,86000,tenure,All,1.6203925490008255,1.5579612305195079,1.2998229005691824,2,2,2
2021,26,86000,tenure,Owner,1.9120461439653744,2.190364940933196,NA,2,2,NA
2021,26,86000,tenure,Renter,1.345049867712838,1.0526375814844409,0.5145950536036514,2,2,2
2021,26,88940,tenure,All,1.7634542780928362,1.602786058243522,NA,2,2,NA
2021,26,88940,tenure,Owner,2.160330768848926,NA,NA,2,NA,NA
2021,26,88940,tenure,Renter,1.2979557551416536,NA,NA,2,NA,NA
2021,27,06616,tenure,All,1.607041774769839,1.5935325326341556,1.3239638468510677,2,2,2
2021,27,06616,tenure,Owner,1.9715176957505047,2.0165237917753758,NA,2,2,NA
2021,27,06616,tenure,Renter,1.2583425931777705,1.077207653283359,NA,2,2,NA
2021,27,07966,tenure,All,1.6024063314881742,1.7366284622731614,NA,2,2,NA
2021,27,07966,tenure,Owner,1.948470333745365,NA,NA,2,NA,NA
2021,27,07966,tenure,Renter,NA,NA,NA,NA,NA,NA
2021,27,17000,tenure,All,1.723928270156234,1.6894711202744708,1.2117069975459152,3,3,3
2021,27,17000,tenure,Owner,2.272281261251953,NA,NA,3,NA,NA
2021,27,17000,tenure,Renter,1.2467128277103867,1.0775198996823294,0.6812932327043639,3,3,3
2021,27,43000,tenure,All,1.4824660848732905,1.2273982881700893,0.8433849973441123,2,2,2
2021,27,43000,tenure,Owner,1.89246791666733,1.8855075336595275,1.995121365180297,2,2,2
2021,27,43000,tenure,Renter,1.2653788213877417,0.9582041676181171,0.48474731005910054,2,2,2
2021,27,51730,tenure,All,1.6820083682008369,1.5144092219020173,NA,2,2,NA
2021,27,51730,tenure,Owner,1.9217742711440393,NA,NA,2,NA,NA
2021,27,51730,tenure,Renter,NA,NA,NA,NA,NA,NA
2021,27,54880,tenure,All,1.879388552114925,1.9585069004165836,1.9370086309879362,2,2,2
2021,27,54880,tenure,Owner,2.399936010752745,3.4370029421076835,NA,2,2,NA
2021,27,54880,tenure,Renter,1.3511418967721216,1.074128236987678,NA,2,2,NA
2021,27,58000,tenure,All,1.5764339061706911,1.498540738627636,1.0725070838023523,1,1,1
2021,27,58000,tenure,Owner,1.915881099432947,1.842621060722521,2.074169491525424,1,1,1
2021,27,58000,tenure,Renter,1.3486963264514877,1.279715611335492,0.6063737219926039,1,1,1
2021,27,71428,tenure,All,1.7376288680397864,1.8207753452547917,NA,2,2,NA
2021,27,71428,tenure,Owner,1.7334648412511897,1.9699639157263165,NA,2,2,NA
2021,27,71428,tenure,Renter,NA,NA,NA,NA,NA,NA
2021,28,36000,tenure,All,1.3964119760657268,1.1482350922578821,1.0579000352562273,3,3,3
2021,28,36000,tenure,Owner,1.707516586942326,1.9788288417509747,2.2495997252148316,3,3,3
2021,28,36000,tenure,Renter,1.215146412931855,0.6807998883380404,0.4356816369295689,3,3,3
2021,29,15670,tenure,All,1.704915821260812,1.6765978595941402,0.955899934350676,2,2,2
2021,29,15670,tenure,Owner,2.277632405424376,2.806209425419928,NA,2,2,NA
2021,29,15670,tenure,Renter,1.3152512109260943,1.1368445596027816,0.38790415230592484,2,2,2
2021,29,35000,tenure,All,1.7154178948274619,1.8440460943666817,1.5214064724676082,3,3,3
2021,29,35000,tenure,Owner,1.9077213990748352,2.4559485531111203,2.7472208357861208,3,3,3
2021,29,35000,tenure,Renter,1.4974289355790005,1.2847541382912653,0.5265068552247104,3,3,3
2021,29,38000,tenure,All,1.581235163686972,1.4634946687422932,1.0991061783162723,1,1,1
2021,29,38000,tenure,Owner,1.8917493144409456,2.028473705434642,2.56636665368418,1,1,1
2021,29,38000,tenure,Renter,1.3680270970629271,1.0735093427517115,0.4012193380872077,1,1,1
2021,29,41348,tenure,All,2.0287997899419237,1.8521501633484256,NA,1,1,NA
2021,29,41348,tenure,Owner,2.708177634812646,2.841408934867797,NA,1,1,NA
2021,29,41348,tenure,Renter,1.326316491524719,NA,NA,1,NA,NA
2021,29,54074,tenure,All,2.2336661664802278,2.020994207181504,NA,2,2,NA
2021,29,54074,tenure,Owner,2.3516003744074063,2.4480284767548053,NA,2,2,NA
2021,29,54074,tenure,Renter,NA,NA,NA,NA,NA,NA
2021,29,65000,tenure,All,1.466480569720415,1.5832648364293933,1.1076431324621603,3,3,3
2021,29,65000,tenure,Owner,1.9255600814663951,2.4452116097685717,2.598724148574956,3,3,3
2021,29,65000,tenure,Renter,1.2466846518884482,1.2165176595556342,0.5720856559749002,3,3,3
2021,29,70000,tenure,All,1.6245725942431763,1.4921204178348186,1.1854666604329156,3,3,3
2021,29,70000,tenure,Owner,2.0345655862431995,2.3623583478177492,2.585861495835487,3,3,3
2021,29,70000,tenure,Renter,1.3592048469850906,1.0109757557996693,0.45655940452080346,3,3,3
2021,30,06550,tenure,All,1.6009945110158743,1.6231503332846335,1.5487175131289146,1,1,1
2021,30,06550,tenure,Owner,1.6585193328975396,1.9814581450773276,NA,1,1,NA
2021,30,06550,tenure,Renter,1.529520321319961,1.2591573334275858,0.3443965504392539,1,1,1
2021,31,28000,tenure,All,1.5765660234090297,1.562755396540646,1.2132969264927216,3,3,3
2021,31,28000,tenure,Owner,2.118569813246327,2.6330774031710065,3.692600985699631,3,3,3
2021,31,28000,tenure,Renter,1.2331588286922446,1.0769563365938857,0.4656201265897595,3,3,3
2021,31,37000,tenure,All,1.5732826444728103,1.3494773507765772,0.8898106141742596,3,3,3
2021,31,37000,tenure,Owner,1.9796878926322703,1.8386747582472378,1.9737506133805125,3,3,3
2021,31,37000,tenure,Renter,1.2966665468138638,1.0399286256430993,0.40413121354005055,3,3,3
2021,32,31900,tenure,All,1.4094774440067988,1.165705914692624,1.2418601760196382,1,1,1
2021,32,31900,tenure,Owner,1.7226806398398236,1.8372464212678472,2.3454844333498905,1,1,1
2021,32,31900,tenure,Renter,1.0755517743925893,0.40264797245005846,0.11496875690747081,1,1,1
2021,32,40000,tenure,All,1.296224835324317,0.993764006780101,0.8169509320193462,2,2,2
2021,32,40000,tenure,Owner,1.637667921168142,1.8261349955011306,2.0650671354359984,2,2,2
2021,32,40000,tenure,Renter,1.073485912993466,0.5252018644049034,0.21974929828074172,2,2,2
2021,32,51800,tenure,All,1.4479154123504319,1.105766161569796,1.0718645938765807,1,1,1
2021,32,51800,tenure,Owner,1.8954982985957318,1.9213586330291894,2.08060678873804,1,1,1
2021,32,51800,tenure,Renter,1.0575613667530652,0.44915600479337914,0.1733498745512535,1,1,1
2021,32,60600,tenure,All,1.4586107738489977,1.1152701473657434,1.015701336112139,1,1,1
2021,32,60600,tenure,Owner,1.7987916839133025,1.8549244335149953,2.371181781635007,1,1,1
2021,32,60600,tenure,Renter,1.2633385454255837,0.6773665349251874,0.27222950876710933,1,1,1
2021,32,68400,tenure,All,1.6696243452489108,1.5920209362374846,2.290813212443528,2,2,2
2021,32,68400,tenure,Owner,1.7861145882903924,2.0983847997686778,NA,2,2,NA
2021,32,68400,tenure,Renter,1.4880060062915828,NA,NA,2,NA,NA
2021,33,45140,tenure,All,1.3546717918391484,1.4492373849358329,0.8627028579635214,1,1,1
2021,33,45140,tenure,Owner,1.4430289441500204,1.9157185976317623,NA,1,1,NA
2021,33,45140,tenure,Renter,1.304395731848759,1.2182299546142208,0.4304635761589404,1,1,1
2021,33,50260,tenure,All,1.54076934146722,1.3478771575454167,1.0104659280216943,2,2,2
2021,33,50260,tenure,Owner,1.769319141404063,2.248273160205487,NA,2,2,NA
2021,33,50260,tenure,Renter,1.340552771941167,0.595960895291999,NA,2,2,NA
2021,34,13690,tenure,All,1.2555442396576613,0.9001896184704136,0.48216537728290176,2,2,2
2021,34,13690,tenure,Owner,1.367769517937942,NA,NA,2,NA,NA
2021,34,13690,tenure,Renter,1.2103423052590654,0.7113942862933715,0.3155190343289701,2,2,2
2021,34,21000,tenure,All,1.2179771133259505,1.0021144385949772,0.4196887818217332,3,3,3
2021,34,21000,tenure,Owner,1.1019299231778152,NA,NA,3,NA,NA
2021,34,21000,tenure,Renter,1.2407714106952266,0.9103858456617353,0.2741529812102382,3,3,3
2021,34,36000,tenure,All,1.2190722338241382,0.780819304737778,0.4532780959117114,3,3,3
2021,34,36000,tenure,Owner,1.2284088778600026,1.2578260071717116,0.753501908399984,3,3,3
2021,34,36000,tenure,Renter,1.2168250031915147,0.6740800369835823,0.36964852801387993,3,3,3
2021,34,51000,tenure,All,1.0993223138625847,0.9201450287531391,0.4587573762079877,3,3,3
2021,34,51000,tenure,Owner,0.9744177714080975,0.9551569506726457,0.6804252657911195,3,3,3
2021,34,51000,tenure,Renter,1.1227396082435446,0.9034460226295697,0.4179154258487195,3,3,3
2021,34,57000,tenure,All,1.1441092539747248,0.8409475465313029,0.491694016662459,2,2,2
2021,34,57000,tenure,Owner,0.9069448674992385,0.739792220343078,NA,2,2,NA
2021,34,57000,tenure,Renter,1.191756930420415,0.8036261079774375,0.39705070142494203,2,2,2
2021,34,74000,tenure,All,1.3364785948245717,1.2394547930089204,0.8693193675541888,2,2,2
2021,34,74000,tenure,Owner,1.59304521020438,1.8279253509937758,NA,2,2,NA
2021,34,74000,tenure,Renter,1.187853423376143,0.990249530389978,0.5750461615417326,2,2,2
2021,35,02000,tenure,All,1.5195099135139454,1.3287518181454958,1.1580997714195884,2,2,2
2021,35,02000,tenure,Owner,1.8548609099714033,2.0114395926289346,2.1775617066164803,2,2,2
2021,35,02000,tenure,Renter,1.2373095269675896,0.7764974074421191,0.3948305918705192,2,2,2
2021,35,39380,tenure,All,1.3631408300582906,1.3294188642707367,1.3049778697169365,1,1,1
2021,35,39380,tenure,Owner,2.160251714287109,2.961547434229144,2.9096825931310937,1,1,1
2021,35,39380,tenure,Renter,1.0108168708969383,0.6614348036067315,0.6126153857980279,1,1,1
2021,35,63460,tenure,All,1.9736173280985068,2.1987963142308864,2.387308467595013,2,2,2
2021,35,63460,tenure,Owner,2.042084688648767,2.61653848085053,3.1458952001645977,2,2,2
2021,35,63460,tenure,Renter,NA,NA,NA,NA,NA,NA
2021,35,70500,tenure,All,1.6091458777148693,1.4654625390161096,1.472219851359378,2,2,2
2021,35,70500,tenure,Owner,1.7463168796312505,2.0774939013026454,2.163717297930496,2,2,2
2021,35,70500,tenure,Renter,1.377524216468339,0.570373826046998,0.35439344801654443,2,2,2
2021,36,01000,tenure,All,1.373989106330048,1.2026229826797155,0.7342656991260474,3,3,3
2021,36,01000,tenure,Owner,1.7725120039177558,1.750730413820326,NA,3,3,NA
2021,36,01000,tenure,Renter,1.2072852257096147,1.0039424985980359,0.3729538952662711,3,3,3
2021,36,11000,tenure,All,1.3234459233815181,1.3157038782588493,0.9315996117875419,2,2,2
2021,36,11000,tenure,Owner,1.635861376192868,2.0838788870703766,2.157422870704052,2,2,2
2021,36,11000,tenure,Renter,1.1678577809540824,0.9584482399017404,0.45395918607732855,2,2,2
2021,36,50617,tenure,All,1.2647525667485415,1.0883464706100925,0.7184739469978235,2,2,2
2021,36,50617,tenure,Owner,1.3943737135015628,1.1535384615384616,NA,2,2,NA
2021,36,50617,tenure,Renter,1.1842639953624698,0.961448614723425,NA,2,2,NA
2021,36,51000,tenure,All,1.1900386195632129,0.9556517422978936,0.6656309415731115,1,1,1
2021,36,51000,tenure,Owner,1.260210139206425,1.4254050916876393,1.3137895598774918,1,1,1
2021,36,51000,tenure,Renter,1.1671934511924373,0.790887617919863,0.46248754487660393,1,1,1
2021,36,63000,tenure,All,1.3622200595047445,1.2881375522146785,0.7785634606730926,3,3,3
2021,36,63000,tenure,Owner,1.7186542592334952,2.2669676999754294,1.9951205398554483,3,3,3
2021,36,63000,tenure,Renter,1.2058455814281985,0.9774210795223202,0.452279453820893,3,3,3
2021,36,73000,tenure,All,1.3484824335708918,1.25086445905112,0.8816253628041973,3,3,3
2021,36,73000,tenure,Owner,1.8383406935495548,2.174743024963289,2.07309518893248,3,3,3
2021,36,73000,tenure,Renter,1.1237294891383778,0.8947302436374274,0.49749316317228803,3,3,3
2021,36,84000,tenure,All,1.2419906241683556,1.0595742482174229,0.7137208683420142,2,2,2
2021,36,84000,tenure,Owner,1.520305150854652,1.5046122576610381,1.1587709633982128,2,2,2
2021,36,84000,tenure,Renter,1.087537800413815,0.7893965118073777,0.441049961398478,2,2,2
2021,37,02140,tenure,All,1.7852311548390236,1.6023712895344426,1.5949760483694817,2,2,2
2021,37,02140,tenure,Owner,2.2725158019373946,3.5485115040235478,NA,2,2,NA
2021,37,02140,tenure,Renter,1.4190893117682273,0.6457357186476539,0.5706157386149698,2,2,2
2021,37,10740,tenure,All,2.277527547287331,1.6710201124394022,1.2765188929029172,2,2,2
2021,37,10740,tenure,Owner,2.6542775262307456,2.84509491713339,2.834439092988159,2,2,2
2021,37,10740,tenure,Renter,1.9805568642253963,0.8387245892658921,0.3000061622242367,2,2,2
2021,37,12000,tenure,All,1.561110240363913,1.129099781971467,0.8972811286236968,2,2,2
2021,37,12000,tenure,Owner,2.0313318101285223,2.136385586038893,2.087426835011314,2,2,2
2021,37,12000,tenure,Renter,1.2874962534672019,0.5746530392998985,0.21062667505362834,2,2,2
2021,37,14100,tenure,All,2.0988230968775468,1.779971437738124,1.67996131964287,2,2,2
2021,37,14100,tenure,Owner,2.2721569413972245,2.2365813169365154,2.3419764991696987,2,2,2
2021,37,14100,tenure,Renter,1.8753799202547985,NA,NA,2,NA,NA
2021,37,19000,tenure,All,1.70652824456378,1.208596429776172,1.0608933632743802,3,3,3
2021,37,19000,tenure,Owner,2.1393184227023485,2.0145882798925574,2.0715956446516985,3,3,3
2021,37,19000,tenure,Renter,1.4512671283666672,0.7527261929047585,0.3882190043218525,3,3,3
2021,37,22920,tenure,All,1.496869090786674,0.9909344052460594,0.8965703749119077,1,1,1
2021,37,22920,tenure,Owner,1.9370685855665954,1.9486259697181998,1.7676595269626754,1,1,1
2021,37,22920,tenure,Renter,1.245163104152283,0.4312644980277868,0.3417578392411892,1,1,1
2021,37,25580,tenure,All,1.471092932568039,1.3507995383330211,1.1710657161347002,2,2,2
2021,37,25580,tenure,Owner,1.6785915000664995,1.7767542889485706,1.982332463204749,2,2,2
2021,37,25580,tenure,Renter,1.2744607741763043,0.9522066088173261,0.5205284468020672,2,2,2
2021,37,28000,tenure,All,1.5896549542286702,1.1997778343202492,1.09634558961097,2,2,2
2021,37,28000,tenure,Owner,2.0810980780702892,1.985852454530582,2.2817421444352295,2,2,2
2021,37,28000,tenure,Renter,1.2469749647568114,0.5822416687436996,0.2737758069629629,2,2,2
2021,37,28080,tenure,All,1.4283429064641455,1.1380934203096111,0.9251496720079287,2,2,2
2021,37,28080,tenure,Owner,1.92125854134383,2.165739136735746,NA,2,2,NA
2021,37,28080,tenure,Renter,1.2126038207012793,0.7303355780637729,0.4799522654493777,2,2,2
2021,37,31400,tenure,All,1.7920150442758322,1.564122276228918,1.4423082741193372,2,2,2
2021,37,31400,tenure,Owner,2.0730273473508714,2.5418793939308877,2.6271754643944076,2,2,2
2021,37,31400,tenure,Renter,1.5224006216089603,0.7069158678339684,0.48710377693264195,2,2,2
2021,37,55000,tenure,All,1.7067297636090872,1.2874080134548194,0.8324357869438698,3,3,3
2021,37,55000,tenure,Owner,1.9990947581585599,2.045036249210945,2.1340398148034527,3,3,3
2021,37,55000,tenure,Renter,1.5196693102774328,0.8738271849222763,0.2447522852903434,3,3,3
2021,37,74440,tenure,All,1.386883707645342,1.2694904655676438,1.098890077723245,2,2,2
2021,37,74440,tenure,Owner,1.95404472108649,2.4808348205185182,2.3392326034627082,2,2,2
2021,37,74440,tenure,Renter,1.120789194597105,0.6124602801274813,0.43251633830402725,2,2,2
2021,37,75000,tenure,All,1.535374639190974,1.3966599110188287,1.1332100698712764,3,3,3
2021,37,75000,tenure,Owner,1.9931700882575265,2.240488234568881,2.657592380463093,3,3,3
2021,37,75000,tenure,Renter,1.2160788988076423,0.8888621772779816,0.42393562696170195,3,3,3
2021,38,25700,tenure,All,1.7092177745960675,2.0595887250255487,1.6403580998171938,2,2,2
2021,38,25700,tenure,Owner,2.624030161942982,3.5352289090486346,NA,2,2,NA
2021,38,25700,tenure,Renter,1.356619331150095,1.627747979567005,0.8765899634222081,2,2,2
2021,39,01000,tenure,All,1.5091768345089958,1.6770351510795614,1.0976097570732353,3,3,3
2021,39,01000,tenure,Owner,2.009815638271033,2.6432390988100045,2.2205705728604785,3,3,3
2021,39,01000,tenure,Renter,1.22964157993265,1.1996735994575216,0.5749134363745945,3,3,3
2021,39,15000,tenure,All,1.3632587546702901,1.3102901063473051,0.8086440144231759,2,2,2
2021,39,15000,tenure,Owner,1.7518115740519837,2.098064380290566,1.8132090972925525,2,2,2
2021,39,15000,tenure,Renter,1.2305154246611827,1.0871377600495535,0.5807649206979649,2,2,2
2021,39,16000,tenure,All,1.332658051900388,1.3478068503600753,1.0574235964471845,3,3,3
2021,39,16000,tenure,Owner,1.5943830249577717,1.9162956608077948,2.2461406153317798,3,3,3
2021,39,16000,tenure,Renter,1.2143474171940094,1.0581729056195355,0.6074280688224661,3,3,3
2021,39,18000,tenure,All,1.5713551026254189,1.3607962447595123,0.8771479470723348,2,2,2
2021,39,18000,tenure,Owner,1.928755127480867,2.181131073751748,2.1796760414219642,2,2,2
2021,39,18000,tenure,Renter,1.3671891134297935,0.9454717828750441,0.3203042377506099,2,2,2
2021,39,21000,tenure,All,1.5476006389046617,1.660145552296143,1.3590991497911031,3,3,3
2021,39,21000,tenure,Owner,1.6666160919977326,1.9699287419550648,2.19238413873741,3,3,3
2021,39,21000,tenure,Renter,1.458882032211725,1.3000632537566614,0.6439605817520233,3,3,3
2021,39,61000,tenure,All,1.755711121945415,1.975705784518527,1.8110931885424841,3,3,3
2021,39,61000,tenure,Owner,2.097989048561232,2.6762006985262796,2.9791177055198945,3,3,3
2021,39,61000,tenure,Renter,1.2800262233435895,1.1321257967908698,NA,3,3,NA
2021,39,77000,tenure,All,1.5713344544942793,1.6140801297172145,1.310259279217806,3,3,3
2021,39,77000,tenure,Owner,1.8458398125574613,2.3688057516572574,2.2400261220374205,3,3,3
2021,39,77000,tenure,Renter,1.3458314605290096,1.0562537298160415,0.6824585596647089,3,3,3
2021,40,09050,tenure,All,1.9465177050113855,1.7282058913133205,1.493652578712207,2,2,2
2021,40,09050,tenure,Owner,2.2445495321540108,2.3601364561121616,2.311905922224931,2,2,2
2021,40,09050,tenure,Renter,1.6455912617921025,1.0729329253652529,NA,2,2,NA
2021,40,23200,tenure,All,1.6616631926745526,1.8863143580989647,NA,2,2,NA
2021,40,23200,tenure,Owner,2.8988161153450274,NA,NA,2,NA,NA
2021,40,23200,tenure,Renter,1.0819980392161501,NA,NA,2,NA,NA
2021,40,41850,tenure,All,1.635048152511024,2.038737245773505,1.5834920333822713,1,1,1
2021,40,41850,tenure,Owner,2.0105029298513055,NA,NA,1,NA,NA
2021,40,41850,tenure,Renter,1.4370457440468076,1.3656213910149497,0.8855157947279179,1,1,1
2021,40,52500,tenure,All,1.7652273087864028,1.5930874126962729,1.4493178708617704,2,2,2
2021,40,52500,tenure,Owner,2.110202458691146,2.6998613031550582,NA,2,2,NA
2021,40,52500,tenure,Renter,1.4635395000141502,0.9163674389343912,NA,2,2,NA
2021,40,55000,tenure,All,1.7500144561404536,1.607189051373691,1.2975616975392357,3,3,3
2021,40,55000,tenure,Owner,2.1604611888364618,2.507077763313682,2.867029333770292,3,3,3
2021,40,55000,tenure,Renter,1.4513716073844964,1.0093362089538158,0.40460895459179014,3,3,3
2021,40,75000,tenure,All,1.612150869175661,1.4692305492428488,1.1425336366119938,3,3,3
2021,40,75000,tenure,Owner,2.0118719169829236,2.208028375901746,2.3240684893568093,3,3,3
2021,40,75000,tenure,Renter,1.3532790428004042,1.0004513779530435,0.4803156591872817,3,3,3
2021,41,05350,tenure,All,1.59126596797948,0.957478612676689,0.774333287070613,2,2,2
2021,41,05350,tenure,Owner,2.0359343412268984,2.1651356586125887,NA,2,2,NA
2021,41,05350,tenure,Renter,1.3646433221802696,0.43138732343771913,NA,2,2,NA
2021,41,05800,tenure,All,1.335721297527389,1.3671221730328778,1.2268655142478202,2,2,2
2021,41,05800,tenure,Owner,1.436674919079567,1.8079708964530496,NA,2,2,NA
2021,41,05800,tenure,Renter,1.126262893498445,NA,NA,2,NA,NA
2021,41,23850,tenure,All,1.350256748670251,1.1153212320417327,0.8703731241037258,2,2,2
2021,41,23850,tenure,Owner,1.7341487718361006,2.285134942251213,2.3944280116253847,2,2,2
2021,41,23850,tenure,Renter,1.136809046175855,0.5631905135539659,0.29317940237099605,2,2,2
2021,41,31250,tenure,All,1.4757592986253367,1.1042138834934485,0.8796637017233142,2,2,2
2021,41,31250,tenure,Owner,1.5287888448278675,1.615314719918025,NA,2,2,NA
2021,41,31250,tenure,Renter,1.4280513435979838,0.68508831331341,0.2760258556694597,2,2,2
2021,41,34100,tenure,All,1.7922331047880269,1.244117345771853,1.017491241275918,1,1,1
2021,41,34100,tenure,Owner,2.5448595143569617,2.1224651917568,NA,1,1,NA
2021,41,34100,tenure,Renter,1.4308486043447621,0.5979411923733141,NA,1,1,NA
2021,41,47000,tenure,All,1.3848287567178759,1.079564914527777,1.0083324684845854,2,2,2
2021,41,47000,tenure,Owner,1.7498181616828967,1.882510649852819,NA,2,2,NA
2021,41,47000,tenure,Renter,1.0632166872782602,0.349961778353127,0.20334165651629568,2,2,2
2021,41,59000,tenure,All,1.4043969743630913,1.0555068280882125,0.6838522054530385,2,2,2
2021,41,59000,tenure,Owner,1.572086175427572,1.7388862759127388,1.497802824955818,2,2,2
2021,41,59000,tenure,Renter,1.3000892473636123,0.6853463063144751,0.288714904583965,2,2,2
2021,41,64900,tenure,All,1.4317936507375195,1.1733946362180827,0.9976383279270685,2,2,2
2021,41,64900,tenure,Owner,1.724030598836756,2.423449680769484,2.4647285825202756,2,2,2
2021,41,64900,tenure,Renter,1.217911157381485,0.46840796890297387,0.19275668305659324,2,2,2
2021,42,02000,tenure,All,1.2382042477425919,0.9823639221851052,0.7403452975920036,3,3,3
2021,42,02000,tenure,Owner,1.3059714955800108,1.5590261092423514,NA,3,3,NA
2021,42,02000,tenure,Renter,1.2013159186880094,0.6697371218025934,0.28652694610778445,3,3,3
2021,42,06088,tenure,All,1.713636321908518,1.5273135533624216,1.5708340186133638,2,2,2
2021,42,06088,tenure,Owner,2.1315298722303346,NA,NA,2,NA,NA
2021,42,06088,tenure,Renter,1.3288698446705944,0.7730000895816537,NA,2,2,NA
2021,42,24000,tenure,All,1.6940414588455768,1.6458753580681842,1.392702846921362,3,3,3
2021,42,24000,tenure,Owner,2.2727246479465673,2.826228115142866,NA,3,3,NA
2021,42,24000,tenure,Renter,1.2814177464511902,1.0732484019911608,0.7618138906681006,3,3,3
2021,42,60000,tenure,All,1.3909612849469208,1.209197868682494,0.9137813985064495,1,1,1
2021,42,60000,tenure,Owner,1.5726393292846779,1.5698455185071887,1.5283201705508989,1,1,1
2021,42,60000,tenure,Renter,1.2442280897462052,0.8668087893902131,0.3637242436382004,1,1,1
2021,42,61000,tenure,All,1.5062285330858705,1.3877969769321343,1.054654903653414,2,2,2
2021,42,61000,tenure,Owner,1.9243479453569425,2.234046466558702,2.5138599629203116,2,2,2
2021,42,61000,tenure,Renter,1.2669723347065036,0.9356169721910464,0.4437005643482036,2,2,2
2021,42,63624,tenure,All,1.5056207209616037,1.3360962733810255,0.9184172240040362,2,2,2
2021,42,63624,tenure,Owner,1.988338683790234,2.1032900973967505,NA,2,2,NA
2021,42,63624,tenure,Renter,1.2138288747788304,0.9053653168310463,0.4885545594751946,2,2,2
2021,42,69000,tenure,All,1.8526012252894375,1.8403333403428137,1.3693821532121413,3,3,3
2021,42,69000,tenure,Owner,2.5145941141414987,NA,NA,3,NA,NA
2021,42,69000,tenure,Renter,1.4622865876191784,1.220047768763799,0.6905442187204389,3,3,3
2021,44,19180,tenure,All,1.3396462791266526,1.1632607919917233,0.8368286984158088,2,2,2
2021,44,19180,tenure,Owner,1.4906235967470418,1.7930360837163886,NA,2,2,NA
2021,44,19180,tenure,Renter,1.1994614166811737,0.7476993865030674,0.6090204369274137,2,2,2
2021,44,54640,tenure,All,1.4377550458944073,1.2605261725131311,0.8627560380341772,2,2,2
2021,44,54640,tenure,Owner,1.5558119675907665,1.836595301819267,NA,2,2,NA
2021,44,54640,tenure,Renter,1.357698700592273,0.9373152856982345,0.585313294060443,2,2,2
2021,44,59000,tenure,All,1.2796361954678588,0.9175811255682709,0.7460474884779185,3,3,3
2021,44,59000,tenure,Owner,1.3923357664233578,1.3910076274588519,NA,3,3,NA
2021,44,59000,tenure,Renter,1.2413793103448276,0.7305444628421155,0.599382218640881,3,3,3
2021,44,74300,tenure,All,1.3795675033366148,1.2978868792361582,0.9668588258367422,2,2,2
2021,44,74300,tenure,Owner,1.6335575004849343,1.639922354773052,NA,2,2,NA
2021,44,74300,tenure,Renter,1.1049608461007985,0.9576627600980968,NA,2,2,NA
2021,45,13330,tenure,All,1.4806103792219665,1.3351580400443679,1.166857859696056,2,2,2
2021,45,13330,tenure,Owner,1.81330241129919,2.0611584269281664,1.7695799207924743,2,2,2
2021,45,13330,tenure,Renter,1.1654017338566693,0.5911958669618836,0.4283026605265637,2,2,2
2021,45,16000,tenure,All,1.5077265971612566,1.0853913941657942,0.9039012809306152,3,3,3
2021,45,16000,tenure,Owner,1.9460704215424138,1.9719621645196863,2.1121140779605754,3,3,3
2021,45,16000,tenure,Renter,1.290809851797733,0.6299742189150115,0.3605684962324492,3,3,3
2021,45,48535,tenure,All,1.4604701033379976,1.54959520098382,1.5060718057022175,2,2,2
2021,45,48535,tenure,Owner,1.652266460258333,1.9681501248170785,2.107736311631708,2,2,2
2021,45,48535,tenure,Renter,NA,NA,NA,NA,NA,NA
2021,45,50875,tenure,All,1.9054004011418826,1.3993203709721627,1.238686565435004,2,2,2
2021,45,50875,tenure,Owner,1.8551609886476337,2.200779553442709,NA,2,2,NA
2021,45,50875,tenure,Renter,1.9566618712089552,0.7513311906679414,NA,2,2,NA
2021,46,59020,tenure,All,1.879601173801952,1.8244783580161232,1.5482132199880245,1,1,1
2021,46,59020,tenure,Owner,2.630394342468443,2.4226866638006417,NA,1,1,NA
2021,46,59020,tenure,Renter,1.4103812513787322,1.4898201583210788,0.5166157525417984,1,1,1
2021,47,14000,tenure,All,1.6119034375693366,1.3088446304899335,1.1614587690739966,3,3,3
2021,47,14000,tenure,Owner,1.9434204959609742,1.8925821234304407,2.1560347958358923,3,3,3
2021,47,14000,tenure,Renter,1.362634948713577,0.8103399437199552,0.4556698353997984,3,3,3
2021,47,15160,tenure,All,1.7159621719068228,1.43726318970435,1.6012176223906427,2,2,2
2021,47,15160,tenure,Owner,2.282422304172688,2.5358281782454384,3.265737665084337,2,2,2
2021,47,15160,tenure,Renter,1.2878980423479416,0.5005301093150227,0.3711729330872182,2,2,2
2021,47,27740,tenure,All,1.5916005141777259,1.933524504692388,NA,3,3,NA
2021,47,27740,tenure,Owner,1.8215571689982881,NA,NA,3,NA,NA
2021,47,27740,tenure,Renter,NA,NA,NA,NA,NA,NA
2021,47,40000,tenure,All,1.5057136458275335,1.2168503902425785,1.1119135563892422,3,3,3
2021,47,40000,tenure,Owner,1.9215547157208102,1.9712850792877519,2.267231889000941,3,3,3
2021,47,40000,tenure,Renter,1.2689306630023638,0.792155006867794,0.5300133696207067,3,3,3
2021,47,48000,tenure,All,1.3719592711515773,1.0278839605900747,0.7897503368290069,2,2,2
2021,47,48000,tenure,Owner,1.7821373868193675,1.8382375131436979,1.6947854146274184,2,2,2
2021,47,48000,tenure,Renter,1.149130391720524,0.5967821772186744,0.2959834209752004,2,2,2
2021,47,51560,tenure,All,2.057802407028848,2.029014858874751,2.2192281557701072,2,2,2
2021,47,51560,tenure,Owner,2.6187224789407932,3.57072588515905,NA,2,2,NA
2021,47,51560,tenure,Renter,1.5569486652611495,1.0766132294367605,NA,2,2,NA
2021,47,52006,tenure,All,1.3805490961411422,1.0809337270740709,0.9385504380111712,1,1,1
2021,47,52006,tenure,Owner,1.6260489759976007,1.94702901564863,2.153725834700659,1,1,1
2021,47,52006,tenure,Renter,1.2061555951707439,0.5794921767681848,0.274630722219923,1,1,1
2021,48,01000,tenure,All,1.5349898615669826,1.4349170950952805,1.3911031253914525,3,3,3
2021,48,01000,tenure,Owner,1.9031485987854577,2.4335775743263666,2.563471319784015,3,3,3
2021,48,01000,tenure,Renter,1.2153044170126117,0.5712289776259046,0.3985404495093287,3,3,3
2021,48,01924,tenure,All,1.7113079360682917,1.4344041328300632,NA,2,2,NA
2021,48,01924,tenure,Owner,2.2031276563417173,NA,NA,2,NA,NA
2021,48,01924,tenure,Renter,NA,NA,NA,NA,NA,NA
2021,48,03000,tenure,All,1.5961615393897477,1.6163955482013685,1.3810103615004343,3,3,3
2021,48,03000,tenure,Owner,1.696888791510423,1.8978706157392742,1.9477462614761094,3,3,3
2021,48,03000,tenure,Renter,1.49249225988947,1.1794251844647947,0.6316159341774852,3,3,3
2021,48,04000,tenure,All,1.5047017032914523,1.0463301427814944,0.6915232919117802,3,3,3
2021,48,04000,tenure,Owner,1.9453642456822233,2.2188670722395383,1.7602827479031289,3,3,3
2021,48,04000,tenure,Renter,1.265698265034536,0.49972255326295234,0.1129726379571414,3,3,3
2021,48,05000,tenure,All,1.471147071667281,1.0058229744204807,0.5853393740654216,2,2,2
2021,48,05000,tenure,Owner,1.812994538630248,1.8037007398595868,1.52619746398235,2,2,2
2021,48,05000,tenure,Renter,1.3339932129726342,0.684494232557491,0.1629344454261467,2,2,2
2021,48,06128,tenure,All,1.5454528053973307,1.5048722083840769,1.5290927492146584,2,2,2
2021,48,06128,tenure,Owner,1.7044803592564368,2.322194407090215,NA,2,2,NA
2021,48,06128,tenure,Renter,1.386760174245037,0.7613002888312553,NA,2,2,NA
2021,48,07000,tenure,All,1.5227404280855028,1.292266678799603,1.1055017497268855,3,3,3
2021,48,07000,tenure,Owner,2.2231813208548723,2.8646979844944576,3.137195782296953,3,3,3
2021,48,07000,tenure,Renter,1.1743180793087118,0.6374701552036401,0.36460239205641454,3,3,3
2021,48,10768,tenure,All,1.6543866112859529,1.5689628945316432,1.4573186385171597,1,1,1
2021,48,10768,tenure,Owner,1.82009203384014,2.3161994440288556,2.39171552465211,1,1,1
2021,48,10768,tenure,Renter,1.484872927395494,0.8115279491582649,0.6241228908928492,1,1,1
2021,48,10912,tenure,All,1.376057291683149,0.9500284411152087,0.6645374453251724,2,2,2
2021,48,10912,tenure,Owner,1.5888388582860213,NA,NA,2,NA,NA
2021,48,10912,tenure,Renter,1.2814545385773706,0.7157585302461146,0.29113535997420364,2,2,2
2021,48,13024,tenure,All,1.8169891921433001,0.981677453577119,0.5406825985612412,2,2,2
2021,48,13024,tenure,Owner,1.931460959595908,1.6215921472925061,NA,2,2,NA
2021,48,13024,tenure,Renter,1.7766780458478664,0.7119098468390848,0.10508139183473182,2,2,2
2021,48,13552,tenure,All,1.9474142630650257,1.230412414972701,NA,3,3,NA
2021,48,13552,tenure,Owner,2.2670022626024924,NA,NA,3,NA,NA
2021,48,13552,tenure,Renter,1.6507103826436726,NA,NA,3,NA,NA
2021,48,15976,tenure,All,1.3306712391310151,0.9208621006181468,0.6589262064503238,2,2,2
2021,48,15976,tenure,Owner,1.5866888814199918,1.5222884386174016,NA,2,2,NA
2021,48,15976,tenure,Renter,1.2168457128372325,0.6760604231568277,0.2837030732745238,2,2,2
2021,48,16432,tenure,All,1.754181205781506,1.539828512999491,NA,3,3,NA
2021,48,16432,tenure,Owner,1.7441692313676687,NA,NA,3,NA,NA
2021,48,16432,tenure,Renter,NA,NA,NA,NA,NA,NA
2021,48,17000,tenure,All,1.5412611898324868,1.1945050475886743,1.0684362505508624,2,2,2
2021,48,17000,tenure,Owner,1.7513011960905132,1.8696626909548764,1.8607571459625984,2,2,2
2021,48,17000,tenure,Renter,1.3508334854316575,0.528501542999125,0.3611555541858055,2,2,2
2021,48,19000,tenure,All,1.426768010510533,1.1319094356811776,0.7388134421739504,2,2,2
2021,48,19000,tenure,Owner,1.555221389418517,1.6693435076261351,1.7420084859523752,2,2,2
2021,48,19000,tenure,Renter,1.3586708891909327,0.8243875881976747,0.19918863054525116,2,2,2
2021,48,19972,tenure,All,1.4689248120056089,1.062261669641512,0.4726724084243878,2,2,2
2021,48,19972,tenure,Owner,2.1426556112500066,2.13661242362727,NA,2,2,NA
2021,48,19972,tenure,Renter,1.2219239270080613,0.8183154804150554,0.20768997872256076,2,2,2
2021,48,22660,tenure,All,1.6572730412707855,1.3907013020009225,1.271753392830429,2,2,2
2021,48,22660,tenure,Owner,1.9596446463045691,2.0379190034241423,NA,2,2,NA
2021,48,22660,tenure,Renter,1.4470765622037616,NA,NA,2,NA,NA
2021,48,24000,tenure,All,1.485343462624829,1.328882385884744,1.2381948024031042,2,2,2
2021,48,24000,tenure,Owner,1.7505240257202714,1.997749324674247,2.0158587251916926,2,2,2
2021,48,24000,tenure,Renter,1.2491475079991874,0.7253250736089031,0.5638764305833893,2,2,2
2021,48,26232,tenure,All,2.2438452753316835,2.017823738074584,NA,2,2,NA
2021,48,26232,tenure,Owner,2.270984796613197,NA,NA,2,NA,NA
2021,48,26232,tenure,Renter,NA,NA,NA,NA,NA,NA
2021,48,27000,tenure,All,1.4878922269196304,1.1630769040144613,0.9257323845021446,2,2,2
2021,48,27000,tenure,Owner,1.8299197536237606,2.1025393119487203,2.0672537094076104,2,2,2
2021,48,27000,tenure,Renter,1.2631403733523963,0.5937155463070664,0.21375510098996162,2,2,2
2021,48,27684,tenure,All,1.6733972591136572,1.3433544135627788,1.097375412690014,2,2,2
2021,48,27684,tenure,Owner,2.1251675714718523,2.2320426205401334,NA,2,2,NA
2021,48,27684,tenure,Renter,1.229696249705773,0.2454610413785317,NA,2,2,NA
2021,48,29000,tenure,All,1.4572753474231792,1.1456404014580723,0.7547399502362478,3,3,3
2021,48,29000,tenure,Owner,1.6841804195203283,1.7878815382961872,1.9349648405631683,3,3,3
2021,48,29000,tenure,Renter,1.2551442000592596,0.6422754358863244,0.11843528318726299,3,3,3
2021,48,30464,tenure,All,1.581904120026272,1.2223526847037136,0.8554732707177305,2,2,2
2021,48,30464,tenure,Owner,1.821536365038238,2.0789910792854065,2.1279395691340155,2,2,2
2021,48,30464,tenure,Renter,1.431331280385568,0.75472206850907,0.2013274736273278,2,2,2
2021,48,35000,tenure,All,1.4295853713909068,1.1745419328070177,0.8204804963394172,2,2,2
2021,48,35000,tenure,Owner,1.7449618508919642,1.938233887293789,2.01890772877375,2,2,2
2021,48,35000,tenure,Renter,1.2843522648516241,0.8033598077250058,0.21788484826849053,2,2,2
2021,48,37000,tenure,All,1.5950627893868674,1.1697923960490946,0.5943368822374551,3,3,3
2021,48,37000,tenure,Owner,1.7632138440719058,1.9972278277239675,2.15978410091115,3,3,3
2021,48,37000,tenure,Renter,1.5334799404094193,0.8621371374760808,0.047739216500824515,3,3,3
2021,48,39148,tenure,All,1.4331163789978585,1.058356573402483,0.8941666509300217,1,1,1
2021,48,39148,tenure,Owner,2.1554835625206086,2.1800177912755863,2.5900466283448407,1,1,1
2021,48,39148,tenure,Renter,1.1538324994483262,0.6308699395316772,0.3141292518198512,1,1,1
2021,48,41464,tenure,All,1.562559103696098,1.3225476815754664,1.1757984614389383,1,1,1
2021,48,41464,tenure,Owner,1.738076182361242,1.9029671417063647,1.8768397622468356,1,1,1
2021,48,41464,tenure,Renter,1.3988258175093702,0.7156578847746397,0.49784177863973045,1,1,1
2021,48,41980,tenure,All,1.8274452099769949,1.5901766477892203,NA,2,2,NA
2021,48,41980,tenure,Owner,2.2273965929699444,NA,NA,2,NA,NA
2021,48,41980,tenure,Renter,1.406500046798313,NA,NA,2,NA,NA
2021,48,42508,tenure,All,1.6229874860806996,0.8820174697882539,0.9729561632073022,1,1,1
2021,48,42508,tenure,Owner,1.968061861558987,2.0079215416602842,NA,1,1,NA
2021,48,42508,tenure,Renter,1.4775576035711497,0.4916307480075445,NA,1,1,NA
2021,48,43888,tenure,All,1.8391572554368427,1.7854133846462168,1.709314731771556,2,2,2
2021,48,43888,tenure,Owner,2.252070656414708,2.8347119071820015,3.054073585523473,2,2,2
2021,48,43888,tenure,Renter,1.4967559461258166,1.0187922800889941,0.7118985761620094,2,2,2
2021,48,45000,tenure,All,1.5262949845237406,1.2493745809786068,0.9103414778234823,3,3,3
2021,48,45000,tenure,Owner,2.0466418331840006,2.062540208606051,1.9948276462559633,3,3,3
2021,48,45000,tenure,Renter,1.2503024130143283,0.8138622888707626,0.37960009749661383,3,3,3
2021,48,45384,tenure,All,1.8501446610674448,1.532521520020792,1.4506355817920975,1,1,1
2021,48,45384,tenure,Owner,2.0215005618573167,2.5068518753126057,2.716437591495599,1,1,1
2021,48,45384,tenure,Renter,1.7177765415383555,0.739222611294526,0.5811773682348217,1,1,1
2021,48,45744,tenure,All,1.3860851832456356,0.7713016452857723,0.613556455052702,1,1,1
2021,48,45744,tenure,Owner,1.6868741490623493,1.3416588045916917,NA,1,1,NA
2021,48,45744,tenure,Renter,1.19375499651439,0.4104518637705922,NA,1,1,NA
2021,48,47892,tenure,All,1.695013229926727,1.5918241046102517,1.2882055869580717,2,2,2
2021,48,47892,tenure,Owner,1.7556030449794253,2.353600525724879,2.767091292827503,2,2,2
2021,48,47892,tenure,Renter,1.6320727084198607,1.0072972123616226,0.26703141044521234,2,2,2
2021,48,48072,tenure,All,1.6223961267227838,1.6332204256291685,1.3011579976444785,1,1,1
2021,48,48072,tenure,Owner,1.6826918958982775,1.7454013297933697,1.7757910423509509,1,1,1
2021,48,48072,tenure,Renter,1.5349298015649495,NA,NA,1,NA,NA
2021,48,48768,tenure,All,1.610980319559244,1.6405311739087234,1.4178130972682865,2,2,2
2021,48,48768,tenure,Owner,1.7086141089064026,1.9900055243757302,2.0598468519951143,2,2,2
2021,48,48768,tenure,Renter,1.4979992853560817,NA,NA,2,NA,NA
2021,48,50820,tenure,All,1.9576353250634138,2.2403235973928446,2.1684891668446094,2,2,2
2021,48,50820,tenure,Owner,2.1838778240689596,NA,NA,2,NA,NA
2021,48,50820,tenure,Renter,NA,NA,NA,NA,NA,NA
2021,48,53388,tenure,All,1.6782243752777934,1.5698842504800488,1.4127737482709979,2,2,2
2021,48,53388,tenure,Owner,1.580600901365848,1.9531031026082857,1.9323663172900742,2,2,2
2021,48,53388,tenure,Renter,1.8462557528806471,NA,NA,2,NA,NA
2021,48,56000,tenure,All,1.7421995083217903,1.675842896160554,1.4142048327711956,3,3,3
2021,48,56000,tenure,Owner,1.9023031609346819,2.7954086755741465,3.607345489070226,3,3,3
2021,48,56000,tenure,Renter,1.6128326758516471,0.9184755301125439,0.20334682144595442,3,3,3
2021,48,56348,tenure,All,1.8805587465042044,2.2006542634433033,NA,2,2,NA
2021,48,56348,tenure,Owner,1.899840873729535,2.3678357557014085,NA,2,2,NA
2021,48,56348,tenure,Renter,NA,NA,NA,NA,NA,NA
2021,48,57200,tenure,All,1.301712409231551,1.1897270602362242,1.2658380591767326,2,2,2
2021,48,57200,tenure,Owner,1.4435948648442913,1.5700717458072564,NA,2,2,NA
2021,48,57200,tenure,Renter,1.1240518918067164,NA,NA,2,NA,NA
2021,48,58016,tenure,All,1.5892286442975796,0.9869298203053923,0.5090189576082621,1,1,1
2021,48,58016,tenure,Owner,1.8581570756519428,1.8859331347136115,1.1801485318537843,1,1,1
2021,48,58016,tenure,Renter,1.4180041415000744,0.43068835570737,0.0505177641786061,1,1,1
2021,48,61796,tenure,All,1.7113691223370235,1.0725038888509335,0.41180187576386634,2,2,2
2021,48,61796,tenure,Owner,1.9575347822336864,1.6976300336149137,NA,2,2,NA
2021,48,61796,tenure,Renter,1.591682076779228,0.753012898591095,0.07200097042534734,2,2,2
2021,48,63500,tenure,All,1.6838844478268182,1.2232143955322632,0.93330761317002,2,2,2
2021,48,63500,tenure,Owner,2.014777186869689,2.081498697979395,NA,2,2,NA
2021,48,63500,tenure,Renter,1.4094603283708949,0.6492549591979985,NA,2,2,NA
2021,48,64472,tenure,All,1.8769924059436798,1.7213194937885976,1.6562113012906636,1,1,1
2021,48,64472,tenure,Owner,1.9053991802396033,2.013768686073958,2.641716773792245,1,1,1
2021,48,64472,tenure,Renter,1.8350587627553339,1.1406082535359972,0.48555859197377427,1,1,1
2021,48,65000,tenure,All,1.472100318062993,1.1837735261798485,1.0458591729027527,2,2,2
2021,48,65000,tenure,Owner,1.794544665558829,2.0253092787368847,2.2191844051420895,2,2,2
2021,48,65000,tenure,Renter,1.2526979142725418,0.6214169363408679,0.3047969627409723,2,2,2
2021,48,70808,tenure,All,2.0274898847886007,1.2009980107092226,0.8535434913939584,2,2,2
2021,48,70808,tenure,Owner,2.390728215267666,1.8271680274282596,NA,2,2,NA
2021,48,70808,tenure,Renter,NA,NA,NA,NA,NA,NA
2021,48,72176,tenure,All,1.638169274133122,1.4398678112758614,1.2102506913751125,2,2,2
2021,48,72176,tenure,Owner,2.17093349210997,2.3624197671632525,NA,2,2,NA
2021,48,72176,tenure,Renter,1.264478502962294,0.6647263465803445,0.3277902142628718,2,2,2
2021,48,74144,tenure,All,1.881774666848978,1.5659244686856608,1.5106648807405214,1,1,1
2021,48,74144,tenure,Owner,1.905198810290185,2.1502156360295395,2.738594784721799,1,1,1
2021,48,74144,tenure,Renter,1.8601011621993537,1.1017462242478318,0.6022660602394023,1,1,1
2021,48,76000,tenure,All,1.4240196702975234,1.0877923404941863,1.0281788016470503,1,1,1
2021,48,76000,tenure,Owner,2.0848378395491096,2.9352123023595906,3.2349735689433707,1,1,1
2021,48,76000,tenure,Renter,1.108222352233791,0.49352124429025873,0.3457780357707859,1,1,1
2021,48,79000,tenure,All,1.6464153807342208,1.6958585327308462,1.5637996961560632,3,3,3
2021,48,79000,tenure,Owner,1.9652830469181974,2.6608575194733093,2.5298339767840248,3,3,3
2021,48,79000,tenure,Renter,1.3319126177616964,0.8232272963261954,0.6696757390112535,3,3,3
2021,49,43660,tenure,All,1.781270419114175,1.68372582554927,NA,3,3,NA
2021,49,43660,tenure,Owner,2.2428965351876275,NA,NA,3,NA,NA
2021,49,43660,tenure,Renter,1.1811420783771633,NA,NA,3,NA,NA
2021,49,44320,tenure,All,1.9914789614389359,NA,NA,3,NA,NA
2021,49,44320,tenure,Owner,2.3675720420223603,NA,NA,3,NA,NA
2021,49,44320,tenure,Renter,NA,NA,NA,NA,NA,NA
2021,49,55980,tenure,All,1.6299632210427513,1.580134673728862,1.5750119398241191,2,2,2
2021,49,55980,tenure,Owner,1.9451713667117387,2.0295898417545555,NA,2,2,NA
2021,49,55980,tenure,Renter,1.2499448295018256,1.0798407203508282,NA,2,2,NA
2021,49,57300,tenure,All,1.9228587498784582,1.6027357306557668,1.6122763978313162,2,2,2
2021,49,57300,tenure,Owner,2.7020150071424673,3.30578687000276,NA,2,2,NA
2021,49,57300,tenure,Renter,1.4228363311043368,0.7991621434527769,NA,2,2,NA
2021,49,62470,tenure,All,1.257554646848051,1.2460192475940508,0.741159627773801,1,1,1
2021,49,62470,tenure,Owner,2.1224491060738497,NA,NA,1,NA,NA
2021,49,62470,tenure,Renter,1.0769108220708303,1.066474583247582,0.5250448686572035,1,1,1
2021,49,65330,tenure,All,1.3457437439694568,1.5258162470255852,NA,2,2,NA
2021,49,65330,tenure,Owner,1.6583738219282327,2.174750830564784,NA,2,2,NA
2021,49,65330,tenure,Renter,0.9939216344984576,NA,NA,2,NA,NA
2021,49,67000,tenure,All,1.5230759320393794,1.3637636176494283,1.1484593693079317,3,3,3
2021,49,67000,tenure,Owner,1.837236476019262,2.246544038284628,2.9479872317799924,3,3,3
2021,49,67000,tenure,Renter,1.3605412900127396,0.9543530659531615,0.4509317493665474,3,3,3
2021,49,67440,tenure,All,1.8925933556224384,1.7815836274789547,1.8470776091316146,2,2,2
2021,49,67440,tenure,Owner,2.246835579834247,2.770794676403982,NA,2,2,NA
2021,49,67440,tenure,Renter,1.4922034101077877,NA,NA,2,NA,NA
2021,49,70850,tenure,All,1.8644076116218906,1.5237890459946737,NA,3,3,NA
2021,49,70850,tenure,Owner,1.861838433972098,NA,NA,3,NA,NA
2021,49,70850,tenure,Renter,NA,NA,NA,NA,NA,NA
2021,49,82950,tenure,All,1.926040204824978,1.5282944724727137,NA,2,2,NA
2021,49,82950,tenure,Owner,2.039937474290127,2.3924138431105986,NA,2,2,NA
2021,49,82950,tenure,Renter,1.7258387979243672,NA,NA,2,NA,NA
2021,49,83470,tenure,All,1.682797522927588,1.4448182143207027,1.5216751486736626,2,2,2
2021,49,83470,tenure,Owner,1.7748490903118461,1.9838692706797,NA,2,2,NA
2021,49,83470,tenure,Renter,1.5598550525606296,0.8201838425716549,NA,2,2,NA
2021,51,01000,tenure,All,1.318209771096686,0.9420138731468468,0.43201974242307395,3,3,3
2021,51,01000,tenure,Owner,1.9980162308385934,1.8726955655206776,NA,3,3,NA
2021,51,01000,tenure,Renter,1.1593256059009485,0.6761625006927895,0.2127186892529853,3,3,3
2021,51,16000,tenure,All,1.4806419822610164,1.4200358698437099,1.3264786169244769,3,3,3
2021,51,16000,tenure,Owner,1.6497545803567089,2.3728003729169096,2.30278232405892,3,3,3
2021,51,16000,tenure,Renter,1.247690453876021,0.5644777757453814,0.35119632907243525,3,3,3
2021,51,35000,tenure,All,1.463551160878245,1.1767757434892754,0.8418065202972986,3,3,3
2021,51,35000,tenure,Owner,1.7539345868822993,2.008065456647146,2.495529153509918,3,3,3
2021,51,35000,tenure,Renter,1.2562112143672122,0.7392409111609528,0.1846809270372307,3,3,3
2021,51,47672,tenure,All,1.9479741613331587,1.738027279311726,1.992016723423749,2,2,2
2021,51,47672,tenure,Owner,2.346828182372382,2.460068687528655,3.5180111930535585,2,2,2
2021,51,47672,tenure,Renter,1.5764488654034092,1.0753727917921674,0.7274895005496259,2,2,2
2021,51,56000,tenure,All,1.4202166892496741,1.1222382239220239,0.8247062632596367,2,2,2
2021,51,56000,tenure,Owner,1.7838760495830859,1.7710604170380475,1.8151353382489805,2,2,2
2021,51,56000,tenure,Renter,1.2445578903226717,0.8241182921306421,0.38987842702416947,2,2,2
2021,51,57000,tenure,All,1.3052354931725114,1.0117604994405598,0.7037644008512096,2,2,2
2021,51,57000,tenure,Owner,1.592851697514782,1.513826926416272,1.6830405678788696,2,2,2
2021,51,57000,tenure,Renter,1.1643836715468383,0.8017489362639498,0.3417806589130924,2,2,2
2021,51,64000,tenure,All,1.3419703060022872,1.0281788793103448,0.6829586184424895,3,3,3
2021,51,64000,tenure,Owner,1.4781608863751268,1.5656488549618321,1.336703503409358,3,3,3
2021,51,64000,tenure,Renter,1.2452472313312606,0.6881765195670275,0.2662345755951639,3,3,3
2021,51,67000,tenure,All,1.4017758538721008,1.0145739220344976,0.6147792855208009,3,3,3
2021,51,67000,tenure,Owner,1.6334483687357406,1.4209871127401075,1.1798496924495672,3,3,3
2021,51,67000,tenure,Renter,1.2928195208390723,0.8190147881320134,0.39830381301682605,3,3,3
2021,51,68000,tenure,All,1.6230434195778751,1.620378809788695,1.2927959781686533,3,3,3
2021,51,68000,tenure,Owner,1.9045481253817182,2.356946732881352,2.725854358851923,3,3,3
2021,51,68000,tenure,Renter,1.4312924161918088,1.1893735176107227,0.6790317679166148,3,3,3
2021,51,76432,tenure,All,1.558922324927672,1.3785682988173802,1.2126390949100931,2,2,2
2021,51,76432,tenure,Owner,1.6931403949860797,2.0131637052631275,2.111007895959127,2,2,2
2021,51,76432,tenure,Renter,1.3844512750649438,0.7187487222642478,0.3703643243532705,2,2,2
2021,51,82000,tenure,All,1.461234968247534,0.9629273820080796,0.7925873426165263,2,2,2
2021,51,82000,tenure,Owner,1.8239799764783933,1.8922185847393604,1.5862694853726245,2,2,2
2021,51,82000,tenure,Renter,1.1667605082131753,0.26606506960181286,0.1158686730506156,2,2,2
2021,53,03180,tenure,All,1.4411031368118734,1.122791315504666,0.8502351074332042,2,2,2
2021,53,03180,tenure,Owner,1.7287283529565536,1.5294334777153888,NA,2,2,NA
2021,53,03180,tenure,Renter,1.2185272353307,0.767089427037736,NA,2,2,NA
2021,53,05210,tenure,All,1.6597855815502025,1.1414164362293788,0.7972605028739403,1,1,1
2021,53,05210,tenure,Owner,1.8994053852972008,1.7085539334562485,0.9246263511654707,1,1,1
2021,53,05210,tenure,Renter,1.4887323648754236,0.5096982170668032,NA,1,1,NA
2021,53,05280,tenure,All,1.2476328820435885,1.1273382436993333,1.0322339949261305,2,2,2
2021,53,05280,tenure,Owner,1.5006816990036709,1.847426110784889,NA,2,2,NA
2021,53,05280,tenure,Renter,1.0477720023820116,0.549708879600683,NA,2,2,NA
2021,53,22640,tenure,All,1.4642802913040243,1.0947810092951678,0.9424488401281369,2,2,2
2021,53,22640,tenure,Owner,1.70869800877801,1.632574475805037,NA,2,2,NA
2021,53,22640,tenure,Renter,1.3143554393766839,0.8005075819473612,0.479587480868947,2,2,2
2021,53,23515,tenure,All,1.3505954783770535,1.0380269596271923,0.8595641855905777,2,2,2
2021,53,23515,tenure,Owner,1.6278231502831404,1.6662692166710706,NA,2,2,NA
2021,53,23515,tenure,Renter,1.1516518183613007,0.6483597699825536,0.2385405508322446,2,2,2
2021,53,35275,tenure,All,1.6024560167669177,1.6084593662569002,1.3783260365175125,2,2,2
2021,53,35275,tenure,Owner,1.9032532394121462,NA,NA,2,NA,NA
2021,53,35275,tenure,Renter,1.346549198682172,NA,NA,2,NA,NA
2021,53,35415,tenure,All,1.4503467029914618,1.1107777817879032,0.9994979680803483,1,1,1
2021,53,35415,tenure,Owner,1.824877302554536,1.7553004678136546,NA,1,1,NA
2021,53,35415,tenure,Renter,1.1773260521265758,0.6972209410386474,0.4830986664562986,1,1,1
2021,53,35940,tenure,All,1.7464956592491536,0.9002927637689211,0.6944904995479398,2,2,2
2021,53,35940,tenure,Owner,1.5407546101534408,1.5503265941478876,NA,2,2,NA
2021,53,35940,tenure,Renter,1.9015421832460517,0.4355600831070199,NA,2,2,NA
2021,53,53545,tenure,All,1.9310466849304002,2.159016675917527,NA,2,2,NA
2021,53,53545,tenure,Owner,2.1279182188259083,NA,NA,2,NA,NA
2021,53,53545,tenure,Renter,NA,NA,NA,NA,NA,NA
2021,53,57745,tenure,All,1.3689526058965142,1.0629399634916248,0.7770803265042205,2,2,2
2021,53,57745,tenure,Owner,1.5997517568445352,2.1847319249139363,NA,2,2,NA
2021,53,57745,tenure,Renter,1.2103028896989825,0.49609450972918756,0.2805821887223712,2,2,2
2021,53,63000,tenure,All,1.401256184705872,0.9475359675469631,0.5126396687810528,2,2,2
2021,53,63000,tenure,Owner,1.6941702505693395,1.7366008113385722,1.0763075834368148,2,2,2
2021,53,63000,tenure,Renter,1.3007828131831076,0.6898894214004813,0.3015112370894471,2,2,2
2021,53,67000,tenure,All,1.483091804239361,1.3437705530323798,0.9997985598486279,3,3,3
2021,53,67000,tenure,Owner,1.881568311859393,2.103604283548468,2.039858141945799,3,3,3
2021,53,67000,tenure,Renter,1.1978811946416288,0.8794604996871485,0.4347031224884243,3,3,3
2021,53,67167,tenure,All,1.5212313519084155,1.2853569825519922,1.2657871235334137,2,2,2
2021,53,67167,tenure,Owner,1.8170064811682385,2.540067926724499,2.9598027463562926,2,2,2
2021,53,67167,tenure,Renter,1.2415857378598913,0.4958478030425158,0.21511633971388883,2,2,2
2021,53,70000,tenure,All,1.348469818595549,0.9930347557379149,0.7242265389760707,3,3,3
2021,53,70000,tenure,Owner,1.4249039929471716,1.5443224179108967,1.29043780512999,3,3,3
2021,53,70000,tenure,Renter,1.2836066555854728,0.5870055810616003,0.3716490809712415,3,3,3
2021,53,74060,tenure,All,1.4756027674773766,1.1525410543971342,1.0660094327014042,1,1,1
2021,53,74060,tenure,Owner,1.848098930781035,2.042624750511524,2.4066646770893865,1,1,1
2021,53,74060,tenure,Renter,1.2172457837559416,0.5631427221200909,0.295142005569776,1,1,1
2021,53,80010,tenure,All,1.4766034670157242,1.492924789057343,0.9590840348695967,2,2,2
2021,53,80010,tenure,Owner,1.8145836376653914,1.8517007534455703,NA,2,2,NA
2021,53,80010,tenure,Renter,1.2242803192648553,1.123556638148619,0.32516602006376966,2,2,2
2021,55,02375,tenure,All,2.065845201359698,2.6944797189035588,2.698488340478996,3,3,3
2021,55,02375,tenure,Owner,2.0763389447126883,3.0426398585758383,NA,3,3,NA
2021,55,02375,tenure,Renter,2.0505012332130175,NA,NA,3,NA,NA
2021,55,31000,tenure,All,1.6005852569839056,1.8202244840271435,1.4284605559204562,2,2,2
2021,55,31000,tenure,Owner,2.0114879875876923,2.5538301743939473,NA,2,2,NA
2021,55,31000,tenure,Renter,1.286765434792865,1.4167057927507896,0.7733645354946347,2,2,2
2021,55,39225,tenure,All,1.8142397836833724,1.4521941721599898,0.8943994426330251,2,2,2
2021,55,39225,tenure,Owner,2.0590717708577695,NA,NA,2,NA,NA
2021,55,39225,tenure,Renter,1.5447065942987188,NA,NA,2,NA,NA
2021,55,48000,tenure,All,1.4229672595855338,1.2522538228545281,0.6363069288387886,3,3,3
2021,55,48000,tenure,Owner,1.9090800311735694,2.216668623860784,2.132915158233373,3,3,3
2021,55,48000,tenure,Renter,1.211615692866576,0.9499364722452626,0.28219149352856926,3,3,3
2021,55,53000,tenure,All,1.4372995353926483,1.3570555077299493,0.7192994411633158,2,2,2
2021,55,53000,tenure,Owner,1.6213137923456813,1.6799124922277286,1.825111430019844,2,2,2
2021,55,53000,tenure,Renter,1.3383605463191905,1.1914153833395644,0.376820581490687,2,2,2
2021,55,66000,tenure,All,1.7997071554875437,1.609564852986812,NA,3,3,NA
2021,55,66000,tenure,Owner,2.0629965163366157,NA,NA,3,NA,NA
2021,55,66000,tenure,Renter,1.5565607032315487,NA,NA,3,NA,NA
2022,01,03076,tenure,All,1.5338485761151968,1.3998572295334433,1.0732139613272789,2,2,2
2022,01,03076,tenure,Owner,1.7334865495255156,2.0274540081132817,NA,2,2,NA
2022,01,03076,tenure,Renter,1.3561213543194555,0.9716183207226514,0.5280375035752836,2,2,2
2022,01,07000,tenure,All,1.3946052183706048,1.319134827286785,1.0954686038378236,2,2,2
2022,01,07000,tenure,Owner,1.6364537487872444,2.071298874279468,2.191197018288286,2,2,2
2022,01,07000,tenure,Renter,1.244895309045864,0.8694272660401373,0.45531151338259823,2,2,2
2022,01,35896,tenure,All,1.7747439885664482,1.5474725805355087,1.4617285936171387,3,3,3
2022,01,35896,tenure,Owner,2.3629153205597784,3.179052427565828,NA,3,3,NA
2022,01,35896,tenure,Renter,1.2274526926410243,0.38484066944530304,NA,3,3,NA
2022,01,37000,tenure,All,1.8250266476567194,1.8161072470643826,1.4454326235046615,2,2,2
2022,01,37000,tenure,Owner,2.288713324819941,2.455350250334662,2.4457806669139788,2,2,2
2022,01,37000,tenure,Renter,1.4340600233526917,1.2054098047823099,0.4340511635823379,2,2,2
2022,01,50000,tenure,All,1.5221636089442618,1.1443827906102981,1.1334868862432161,2,2,2
2022,01,50000,tenure,Owner,1.939236034599168,2.1100101391891886,2.0391237854238367,2,2,2
2022,01,50000,tenure,Renter,1.2360325852427325,0.5088462905504401,0.47001895542002103,2,2,2
2022,01,51000,tenure,All,1.6046262018060748,1.4700346977990029,1.2191725804336235,1,1,1
2022,01,51000,tenure,Owner,1.9641165272623928,2.2603179663935276,2.3123700099443205,1,1,1
2022,01,51000,tenure,Renter,1.302881516254473,0.7314183075665379,0.27177169023560305,1,1,1
2022,01,77256,tenure,All,1.4524467380167367,1.3549785645854897,0.9636244302830733,2,2,2
2022,01,77256,tenure,Owner,2.0137387299031624,2.528460844189414,NA,2,2,NA
2022,01,77256,tenure,Renter,1.2453872547299258,0.890673644846558,0.37067759053473,2,2,2
2022,02,03000,tenure,All,1.6381788982837684,1.6146091442924544,0.9443338796534769,1,1,1
2022,02,03000,tenure,Owner,1.8891374695377732,2.2761758875473057,2.6572164948453607,1,1,1
2022,02,03000,tenure,Renter,1.4024838661263694,1.1592876980885476,0.2206308336015449,1,1,1
2022,04,04720,tenure,All,1.277825779073166,1.1334970908750275,NA,2,2,NA
2022,04,04720,tenure,Owner,1.8094224617240315,2.2412947913971784,NA,2,2,NA
2022,04,04720,tenure,Renter,0.8401468806938798,NA,NA,2,NA,NA
2022,04,07940,tenure,All,1.5157355967106754,1.5838282759850197,1.6953151702985891,2,2,2
2022,04,07940,tenure,Owner,1.6856834722298248,1.8148355721213714,NA,2,2,NA
2022,04,07940,tenure,Renter,NA,NA,NA,NA,NA,NA
2022,04,12000,tenure,All,1.611291452468728,1.497991216488935,1.7706409949124684,1,1,1
2022,04,12000,tenure,Owner,2.293265422419239,2.4476378372104866,3.070671711384661,1,1,1
2022,04,12000,tenure,Renter,0.9014141609582171,0.25082616848356387,0.1884765981870679,1,1,1
2022,04,23620,tenure,All,1.3384778046017163,1.2981377987443747,1.5062101832125008,2,2,2
2022,04,23620,tenure,Owner,1.6032805510189592,1.69394663480685,2.3795530529649835,2,2,2
2022,04,23620,tenure,Renter,1.0922435967579371,0.7558830665483082,NA,2,2,NA
2022,04,27400,tenure,All,1.7066887692530688,1.7946111081705771,2.2684243876074754,1,1,1
2022,04,27400,tenure,Owner,2.219107787224369,2.575956112650021,3.063931433253479,1,1,1
2022,04,27400,tenure,Renter,0.8521360166927826,0.3574434618671564,NA,1,1,NA
2022,04,27820,tenure,All,1.548693537957484,1.3382263808685233,1.186363226874268,1,1,1
2022,04,27820,tenure,Owner,2.0330875893006617,2.457293449015521,2.7568931415561972,1,1,1
2022,04,27820,tenure,Renter,1.135505254645295,0.5630524548456077,0.2156987056380821,1,1,1
2022,04,28380,tenure,All,1.5407941973851578,1.3847025203996939,NA,2,2,NA
2022,04,28380,tenure,Owner,2.1236080450722365,2.0784289519836667,NA,2,2,NA
2022,04,28380,tenure,Renter,0.7677295510210856,NA,NA,2,NA,NA
2022,04,46000,tenure,All,1.528088381118351,1.359641085160524,1.4088691621353973,1,1,1
2022,04,46000,tenure,Owner,1.8397561656131447,2.0173854562055027,2.4706796717873853,1,1,1
2022,04,46000,tenure,Renter,1.1617019691176702,0.48509223998778317,0.12812171807528513,1,1,1
2022,04,54050,tenure,All,1.3580125816404316,1.4730118366723843,1.5341293834493586,2,2,2
2022,04,54050,tenure,Owner,1.640634277324943,2.2170212588280465,2.492245258347254,2,2,2
2022,04,54050,tenure,Renter,0.8223856545497451,0.2892224798172811,NA,2,2,NA
2022,04,55000,tenure,All,1.4816697965445158,1.2058491841653702,1.1433261687629708,1,1,1
2022,04,55000,tenure,Owner,1.9604600007270938,2.2041718807522566,2.631321080233445,1,1,1
2022,04,55000,tenure,Renter,1.1107757516149235,0.49493707140931653,0.20788308738795766,1,1,1
2022,04,65000,tenure,All,1.5245364183627275,1.521389484306755,1.507869023434964,2,2,2
2022,04,65000,tenure,Owner,1.8879345744328364,2.090544879962615,2.023661643191143,2,2,2
2022,04,65000,tenure,Renter,0.940077741573733,0.3022697608025069,0.2591341298739016,2,2,2
2022,04,71510,tenure,All,1.7055267536174918,1.9480318929352822,2.4062501132007,1,1,1
2022,04,71510,tenure,Owner,1.8760234949396846,2.346248589130567,2.7781518531498555,1,1,1
2022,04,71510,tenure,Renter,1.0006328338298391,NA,NA,1,NA,NA
2022,04,73000,tenure,All,1.4574208820923518,0.9543697520522586,0.780980659378922,1,1,1
2022,04,73000,tenure,Owner,2.2134027979359225,2.533212951828824,NA,1,1,NA
2022,04,73000,tenure,Renter,1.1268098875664874,0.36030751762227675,0.13206773117942272,1,1,1
2022,04,77000,tenure,All,1.4186667610984374,1.2216261699923214,1.0907380576954815,1,1,1
2022,04,77000,tenure,Owner,1.7352445938802181,1.8528616637136868,2.0976205794505076,1,1,1
2022,04,77000,tenure,Renter,1.1664723912013428,0.6651097075248461,0.28801372094882943,1,1,1
2022,04,85540,tenure,All,1.5263609957660411,1.5391873427876333,1.5859789381522629,1,1,1
2022,04,85540,tenure,Owner,2.049916107676836,2.847415178166378,3.0359935772551574,1,1,1
2022,04,85540,tenure,Renter,1.1015771552864135,0.505385507695019,0.5110919389607825,1,1,1
2022,05,23290,tenure,All,1.4403752745087357,1.557577370949125,1.071133453808936,1,1,1
2022,05,23290,tenure,Owner,1.9975865748450787,2.5161791401879765,NA,1,1,NA
2022,05,23290,tenure,Renter,1.2186125941776602,1.1716473089742137,0.4467598628735658,1,1,1
2022,05,24550,tenure,All,1.7100516718217595,1.9426764924223998,2.01612200948653,2,2,2
2022,05,24550,tenure,Owner,1.999124540238211,2.8036618333634395,3.026859013688416,2,2,2
2022,05,24550,tenure,Renter,1.425675889068584,1.072263213118308,1.0137262749121372,2,2,2
2022,05,35710,tenure,All,1.781612778294291,1.5613471508947874,1.4032187728781649,2,2,2
2022,05,35710,tenure,Owner,2.4509464610904836,2.8018723911850354,3.035408963181734,2,2,2
2022,05,35710,tenure,Renter,1.2801822134642857,0.7598057882711348,0.4948157273380556,2,2,2
2022,05,41000,tenure,All,1.6263624457587122,1.4570992287408253,1.0656387913123067,1,1,1
2022,05,41000,tenure,Owner,2.0056282546835424,2.352621570659751,2.4527822943787196,1,1,1
2022,05,41000,tenure,Renter,1.398652880333493,1.0035466488561855,0.41790232791338283,1,1,1
2022,05,66080,tenure,All,1.866517933328056,1.8514666569632443,2.0277134256902696,2,2,2
2022,05,66080,tenure,Owner,2.1001205774250904,2.3402278280281905,NA,2,2,NA
2022,05,66080,tenure,Renter,1.6370221544902277,1.2982160285943676,NA,2,2,NA
2022,06,00562,tenure,All,1.3935926655521795,1.2073401905792396,1.2022780066308787,2,2,2
2022,06,00562,tenure,Owner,1.4803415506173816,1.7880104841064957,NA,2,2,NA
2022,06,00562,tenure,Renter,1.331116918438449,0.7277564925156713,0.41105892615829176,2,2,2
2022,06,00884,tenure,All,1.2464957054217236,0.8578254085456749,0.6579968609429522,2,2,2
2022,06,00884,tenure,Owner,1.1225989428902927,1.4014886164623468,NA,2,2,NA
2022,06,00884,tenure,Renter,1.3021871458201888,0.5742259024644897,0.15874908603606,2,2,2
2022,06,02000,tenure,All,1.2525617711140522,0.8435286529407308,0.646890181400419,1,1,1
2022,06,02000,tenure,Owner,1.300101480109031,1.5472223069033646,1.6663065893295432,1,1,1
2022,06,02000,tenure,Renter,1.2261363048478804,0.5206131441344163,0.1952675122949689,1,1,1
2022,06,02252,tenure,All,1.1385671608044998,1.1229927611588943,0.791806775678272,1,1,1
2022,06,02252,tenure,Owner,1.2541464470503165,1.4465420432025693,NA,1,1,NA
2022,06,02252,tenure,Renter,1.0140578693633742,0.7818857274521046,0.4110065916103812,1,1,1
2022,06,02364,tenure,All,1.2620612059602647,0.9183603828048914,0.8879854686362321,2,2,2
2022,06,02364,tenure,Owner,1.2712203129360768,1.2974128726112562,NA,2,2,NA
2022,06,02364,tenure,Renter,1.2479600879224901,NA,NA,2,NA,NA
2022,06,03526,tenure,All,1.316924932112055,0.958432793617554,0.7151878968820925,1,1,1
2022,06,03526,tenure,Owner,1.6464817953929651,1.615502493656373,1.4408482762721002,1,1,1
2022,06,03526,tenure,Renter,1.0739757659297793,0.515131117816566,0.23543200716664994,1,1,1
2022,06,04982,tenure,All,1.169387235620752,0.7159285713756413,0.5915068493150685,2,2,2
2022,06,04982,tenure,Owner,1.369956382617056,1.1727888364457213,NA,2,2,NA
2022,06,04982,tenure,Renter,1.083958626394547,0.48747835082106283,0.22561945896794727,2,2,2
2022,06,06000,tenure,All,1.260723789157501,0.802295633725277,0.5514949205392499,1,1,1
2022,06,06000,tenure,Owner,1.7102203713343744,1.7994880546075087,NA,1,1,NA
2022,06,06000,tenure,Renter,1.1418522398235562,0.5693495258907362,0.30775879343225926,1,1,1
2022,06,08786,tenure,All,1.3178081987178114,1.0542432379370374,1.189637240487904,3,3,3
2022,06,08786,tenure,Owner,1.446048917591759,1.5660968923298415,NA,3,3,NA
2022,06,08786,tenure,Renter,1.192997143390443,0.46657891014476743,NA,3,3,NA
2022,06,08954,tenure,All,1.1211540023963775,0.6434183182835878,0.4232178838178008,1,1,1
2022,06,08954,tenure,Owner,1.2018498367791077,1.4337779895188185,NA,1,1,NA
2022,06,08954,tenure,Renter,1.0876960859525564,0.325835337288914,0.1590936838417506,1,1,1
2022,06,11194,tenure,All,1.18135338661063,1.1367844138417948,1.2507625003444989,1,1,1
2022,06,11194,tenure,Owner,1.3886964826823156,1.6227735017244307,NA,1,1,NA
2022,06,11194,tenure,Renter,0.8519531290611039,0.27511557138881604,NA,1,1,NA
2022,06,11530,tenure,All,1.3568696779137448,1.2506640606957102,1.2711711750533652,1,1,1
2022,06,11530,tenure,Owner,1.6352188172073443,1.4654469033139714,1.6382371119681032,1,1,1
2022,06,11530,tenure,Renter,0.993162176864378,NA,NA,1,NA,NA
2022,06,13014,tenure,All,1.2950175693184043,0.9361383045198918,0.8154691304076409,2,2,2
2022,06,13014,tenure,Owner,1.5276217371756173,1.6256727356005956,1.587767279960219,2,2,2
2022,06,13014,tenure,Renter,1.1366555948368666,0.4322943949711891,0.1813538954536351,2,2,2
2022,06,13210,tenure,All,1.032868277362616,1.1631764618077773,0.9652046702557421,2,2,2
2022,06,13210,tenure,Owner,1.4050460838447023,NA,NA,2,NA,NA
2022,06,13210,tenure,Renter,0.5683274209355338,NA,NA,2,NA,NA
2022,06,13214,tenure,All,1.0163674463385626,1.1328664018398495,NA,2,2,NA
2022,06,13214,tenure,Owner,1.3873620862587763,NA,NA,2,NA,NA
2022,06,13214,tenure,Renter,NA,NA,NA,NA,NA,NA
2022,06,13392,tenure,All,1.1768656948897298,0.929436922532774,0.750028878986851,1,1,1
2022,06,13392,tenure,Owner,1.4020168265666366,1.402246032270303,1.4776221623845769,1,1,1
2022,06,13392,tenure,Renter,1.0325644244856962,0.6256539347464892,0.3024764416454911,1,1,1
2022,06,13588,tenure,All,1.3573593550860148,0.8664271727757649,0.7297675197766403,1,1,1
2022,06,13588,tenure,Owner,1.5445378038531603,1.3082166938232669,NA,1,1,NA
2022,06,13588,tenure,Renter,1.2037270501436672,0.4032649819133483,NA,1,1,NA
2022,06,14218,tenure,All,1.3066053766711987,0.7416133056084637,0.6670644542321658,1,1,1
2022,06,14218,tenure,Owner,1.7907511862974825,1.4900757999735408,NA,1,1,NA
2022,06,14218,tenure,Renter,0.9880380500788443,0.1415311797106247,NA,1,1,NA
2022,06,15044,tenure,All,1.2760066945159747,0.9805616115623408,0.8402947371291994,2,2,2
2022,06,15044,tenure,Owner,1.294342703318738,1.3131940328514324,NA,2,2,NA
2022,06,15044,tenure,Renter,1.260402429844078,0.7380880926537035,0.3335896356732669,2,2,2
2022,06,16000,tenure,All,1.3127268630521074,1.0605528012259173,0.9472547737994023,2,2,2
2022,06,16000,tenure,Owner,1.4565169784423644,1.5920190055453274,1.62297289316171,2,2,2
2022,06,16000,tenure,Renter,1.1491128475124968,0.47807033963109163,0.19457020162648858,2,2,2
2022,06,16350,tenure,All,0.9604473808450577,0.9159342820187741,0.8757977307518621,2,2,2
2022,06,16350,tenure,Owner,1.3623571363068248,1.6767096117622193,NA,2,2,NA
2022,06,16350,tenure,Renter,0.6182881260896961,0.25110564811150304,NA,2,2,NA
2022,06,16532,tenure,All,1.279994374143823,0.8082123091132091,0.7297432366614672,2,2,2
2022,06,16532,tenure,Owner,1.5180098619480242,1.7715376174580044,NA,2,2,NA
2022,06,16532,tenure,Renter,1.1690233653523718,0.35691304240291427,0.17458082933632335,2,2,2
2022,06,17918,tenure,All,1.5023928790816623,1.2530966509085868,1.255859765606234,2,2,2
2022,06,17918,tenure,Owner,1.4257097233083955,1.5911976667041678,2.329947839918611,2,2,2
2022,06,17918,tenure,Renter,1.5773199977628884,0.8972195402980963,0.4416311135183327,2,2,2
2022,06,19766,tenure,All,1.2921900864818443,0.9271679348569799,1.0458125167186176,1,1,1
2022,06,19766,tenure,Owner,1.2576831931556287,1.3877128980150613,NA,1,1,NA
2022,06,19766,tenure,Renter,1.3183571776913094,0.48082400293309546,NA,1,1,NA
2022,06,21712,tenure,All,1.275777174216793,0.9626309521584018,0.721334528927246,2,2,2
2022,06,21712,tenure,Owner,1.5055480018935259,1.5450069082162554,1.7002026140953934,2,2,2
2022,06,21712,tenure,Renter,1.1214851242506403,0.5643142375613165,0.17752485804182327,2,2,2
2022,06,22020,tenure,All,1.195533442663101,1.1311636835995047,1.0376968898243832,1,1,1
2022,06,22020,tenure,Owner,1.6270400620887682,1.871451401577239,1.497293390614631,1,1,1
2022,06,22020,tenure,Renter,0.6829993184977863,0.28416546519962854,NA,1,1,NA
2022,06,22230,tenure,All,1.2385397301881633,0.8276859192309604,0.7207602586385431,1,1,1
2022,06,22230,tenure,Owner,1.375787029867821,1.4493690746595944,NA,1,1,NA
2022,06,22230,tenure,Renter,1.1843693921135885,0.5903468142194742,0.38253132768504894,1,1,1
2022,06,22804,tenure,All,1.1898657774089563,0.8279067049608649,0.6864895130733969,1,1,1
2022,06,22804,tenure,Owner,1.2596954235765305,1.39880343771067,1.3960727536025597,1,1,1
2022,06,22804,tenure,Renter,1.1413002111252237,0.4955035952118951,0.23879257031002407,1,1,1
2022,06,23182,tenure,All,1.1566045403614869,0.9463894410832472,0.852839610119442,1,1,1
2022,06,23182,tenure,Owner,1.2811311467702422,1.3521970212421908,NA,1,1,NA
2022,06,23182,tenure,Renter,1.0080984029453224,0.4863844959292568,NA,1,1,NA
2022,06,24638,tenure,All,1.4237683093217455,1.3677126972398697,NA,2,2,NA
2022,06,24638,tenure,Owner,1.6558373261657124,1.920753952168626,NA,2,2,NA
2022,06,24638,tenure,Renter,1.1019182968203156,NA,NA,2,NA,NA
2022,06,24680,tenure,All,1.2546563135627145,0.9833738534129689,0.9175887252860667,1,1,1
2022,06,24680,tenure,Owner,1.3472307173400802,1.5142143240500356,1.6609344908053971,1,1,1
2022,06,24680,tenure,Renter,1.1548433982480562,0.4208288367249077,0.16567205838279495,1,1,1
2022,06,26000,tenure,All,1.384666451743007,1.2052863884210914,1.2153506572063713,1,1,1
2022,06,26000,tenure,Owner,1.9199470366046252,2.2812328793336296,2.25674906171372,1,1,1
2022,06,26000,tenure,Renter,0.9427566611038705,0.33029880200306644,0.2569632531121357,1,1,1
2022,06,27000,tenure,All,1.1908758257491872,0.8258196426348253,0.6471384551790532,1,1,1
2022,06,27000,tenure,Owner,1.5356239486658625,1.5030824088523709,1.3430011708357872,1,1,1
2022,06,27000,tenure,Renter,0.9956081897031789,0.4564288429956776,0.2792155178611714,1,1,1
2022,06,28000,tenure,All,1.2499791463031693,0.950842670995458,0.6526977075768637,2,2,2
2022,06,28000,tenure,Owner,1.3065816699744852,1.7617269303671015,1.5211371569455854,2,2,2
2022,06,28000,tenure,Renter,1.2132408025052346,0.46083065180933447,0.15377312715013194,2,2,2
2022,06,29000,tenure,All,1.362028967390887,1.0624627209364674,1.0486606926434303,1,1,1
2022,06,29000,tenure,Owner,1.6107247344787199,1.8075936367400058,2.085041905737849,1,1,1
2022,06,29000,tenure,Renter,1.1860494690485666,0.534341534599288,0.27165600892187075,1,1,1
2022,06,30000,tenure,All,1.0133486502010338,0.5427820267686424,0.39932407456302477,1,1,1
2022,06,30000,tenure,Owner,1.0929279862009487,1.2430086788813886,1.22318283701569,1,1,1
2022,06,30000,tenure,Renter,0.9917953808870332,0.3399991702277725,0.15713924370810675,1,1,1
2022,06,32548,tenure,All,1.2749694426697984,0.8391889289760933,0.48278763962165483,2,2,2
2022,06,32548,tenure,Owner,1.3874365719385544,NA,NA,2,NA,NA
2022,06,32548,tenure,Renter,1.2501476427396045,0.690869363466011,0.22348511632987098,2,2,2
2022,06,33000,tenure,All,1.2118862299880802,1.1058479793706313,1.009228137694826,1,1,1
2022,06,33000,tenure,Owner,1.4261890741513905,1.8393999447616107,2.1311150412593136,1,1,1
2022,06,33000,tenure,Renter,1.0342569171140943,0.5332861122753808,0.3145799201026994,1,1,1
2022,06,33182,tenure,All,1.2776338042030724,1.0125954345628123,0.949245609901639,2,2,2
2022,06,33182,tenure,Owner,1.318705002471742,1.3956093183952507,1.5996772329344773,2,2,2
2022,06,33182,tenure,Renter,1.211487299891099,0.40433844605948077,NA,2,2,NA
2022,06,33434,tenure,All,1.18493575330696,0.8751174535495588,0.8455173858164778,2,2,2
2022,06,33434,tenure,Owner,1.2278353205079129,1.2614224452884335,NA,2,2,NA
2022,06,33434,tenure,Renter,1.1190294539599817,0.32565487514841607,NA,2,2,NA
2022,06,36000,tenure,All,1.1462854417381036,0.997833357657783,0.9350596825029026,1,1,1
2022,06,36000,tenure,Owner,1.220588892718058,1.5926872566345431,1.6946428274170908,1,1,1
2022,06,36000,tenure,Renter,1.064189435646785,0.35421908752266534,0.12000730505121701,1,1,1
2022,06,36448,tenure,All,1.4008469673721113,1.323284721858555,1.2729192171873347,2,2,2
2022,06,36448,tenure,Owner,1.4632705299975963,1.8039736521456944,NA,2,2,NA
2022,06,36448,tenure,Renter,1.3281827997025508,0.8037609615165923,NA,2,2,NA
2022,06,36546,tenure,All,1.2000908451613408,0.6978891468533427,0.3337400837502323,1,1,1
2022,06,36546,tenure,Owner,1.2774647884922175,1.211582634248239,NA,1,1,NA
2022,06,36546,tenure,Renter,1.1795320397455578,0.541257921968133,0.06986875157166683,1,1,1
2022,06,36770,tenure,All,1.1059787908724024,0.9690477618158886,0.7960694525333598,1,1,1
2022,06,36770,tenure,Owner,1.5905057031706502,2.024444711500602,1.924146303967464,1,1,1
2022,06,36770,tenure,Renter,0.8445307930433376,0.42856092932831585,0.2208152623436352,1,1,1
2022,06,37692,tenure,All,1.2033343556006928,1.049925298804781,0.7134453781512605,2,2,2
2022,06,37692,tenure,Owner,1.5832703451751071,NA,NA,2,NA,NA
2022,06,37692,tenure,Renter,0.6692575209554478,NA,NA,2,NA,NA
2022,06,39496,tenure,All,1.2501200766873986,0.9787706688607669,0.8656736884311906,2,2,2
2022,06,39496,tenure,Owner,1.453199176359103,NA,NA,2,NA,NA
2022,06,39496,tenure,Renter,1.0567926358059023,NA,NA,2,NA,NA
2022,06,39892,tenure,All,1.3801876642728692,1.486515378914693,1.3542176039119804,2,2,2
2022,06,39892,tenure,Owner,1.6044801352493658,2.1331967213114753,NA,2,2,NA
2022,06,39892,tenure,Renter,1.0996442162233915,NA,NA,2,NA,NA
2022,06,40130,tenure,All,1.3153604731885502,1.0107122129187,0.7578833160555895,1,1,1
2022,06,40130,tenure,Owner,1.3556922407181848,1.214111271552638,1.01243368856884,1,1,1
2022,06,40130,tenure,Renter,1.27219817339398,0.7825147431176026,0.4638639787193345,1,1,1
2022,06,41992,tenure,All,1.4116735941952987,1.3512271659792925,1.0076914119225335,2,2,2
2022,06,41992,tenure,Owner,1.7926854504981884,2.003186648725508,NA,2,2,NA
2022,06,41992,tenure,Renter,1.0144561983243097,NA,NA,2,NA,NA
2022,06,43000,tenure,All,1.2105291196888415,0.8332500338041833,0.6345037558814927,1,1,1
2022,06,43000,tenure,Owner,1.451612899259185,1.5796628617334674,1.7680795871971255,1,1,1
2022,06,43000,tenure,Renter,1.1170597692112918,0.5229972133663413,0.20261675357747055,1,1,1
2022,06,44000,tenure,All,1.088154781096372,0.7932668840579737,0.49198375997546784,1,1,1
2022,06,44000,tenure,Owner,1.1790279344359509,1.2112333173555299,1.0601351282461442,1,1,1
2022,06,44000,tenure,Renter,1.0602361348666183,0.6382072231116117,0.29165989996469227,1,1,1
2022,06,45484,tenure,All,1.1609866233978907,0.9403502859235129,0.9842826222136397,2,2,2
2022,06,45484,tenure,Owner,1.442533641571548,1.0989344949680397,NA,2,2,NA
2022,06,45484,tenure,Renter,NA,NA,NA,NA,NA,NA
2022,06,46842,tenure,All,1.0022823519797128,0.9164450387280542,0.8811158869933923,1,1,1
2022,06,46842,tenure,Owner,1.0517275949383027,1.187647037691662,NA,1,1,NA
2022,06,46842,tenure,Renter,0.879843574193951,NA,NA,1,NA,NA
2022,06,46898,tenure,All,1.4364811562509674,0.9378405012245506,0.5790027907125056,2,2,2
2022,06,46898,tenure,Owner,1.6636091059022142,NA,NA,2,NA,NA
2022,06,46898,tenure,Renter,1.2881477491192874,0.5490402786467351,0.22002204993431507,2,2,2
2022,06,47766,tenure,All,1.712569304216271,1.394186990727244,1.4964879872990424,2,2,2
2022,06,47766,tenure,Owner,1.6783772120081866,1.802850516002361,NA,2,2,NA
2022,06,47766,tenure,Renter,1.7528595249934722,NA,NA,2,NA,NA
2022,06,48256,tenure,All,1.4230070163134778,1.2389764958897436,1.0752344552566813,2,2,2
2022,06,48256,tenure,Owner,1.799353328080677,2.029161718542334,1.6554595387849822,2,2,2
2022,06,48256,tenure,Renter,0.852852382809816,NA,NA,2,NA,NA
2022,06,48354,tenure,All,1.201022527355948,1.0015882948151806,0.8317545721361828,1,1,1
2022,06,48354,tenure,Owner,1.6053711170079084,1.612816817132503,1.4245256905638244,1,1,1
2022,06,48354,tenure,Renter,0.8847168153303835,0.5115489156053173,0.37302896175345324,1,1,1
2022,06,49270,tenure,All,1.0338298308161409,0.9258119949521288,0.9653040099689648,1,1,1
2022,06,49270,tenure,Owner,1.3629842274325867,1.5300599077977999,1.668818099017477,1,1,1
2022,06,49270,tenure,Renter,0.6391501177046202,0.2552877974357621,0.10966444826411557,1,1,1
2022,06,49670,tenure,All,1.6235486377923034,1.3098587764343024,0.846321559597816,2,2,2
2022,06,49670,tenure,Owner,1.8034610164387925,1.998486815719457,NA,2,2,NA
2022,06,49670,tenure,Renter,1.5310111485395113,0.8725339224927426,0.34681211853279653,2,2,2
2022,06,50076,tenure,All,1.1039540675615964,1.2319619919126072,NA,2,2,NA
2022,06,50076,tenure,Owner,1.3944548681536797,1.5980865529133157,NA,2,2,NA
2022,06,50076,tenure,Renter,NA,NA,NA,NA,NA,NA
2022,06,50258,tenure,All,1.1922127209120377,1.011755542414005,0.887364390555201,2,2,2
2022,06,50258,tenure,Owner,1.2606065247357943,1.3929927722650988,1.3698884758364314,2,2,2
2022,06,50258,tenure,Renter,1.1229597517486838,0.5530761813854898,0.30011769321302473,2,2,2
2022,06,51182,tenure,All,1.2668323673861837,0.856169709840048,0.842062100111951,2,2,2
2022,06,51182,tenure,Owner,1.36759166014511,1.6382375881011912,NA,2,2,NA
2022,06,51182,tenure,Renter,1.1826037207486382,0.21980377405021395,0.26363440296324075,2,2,2
2022,06,52526,tenure,All,1.3321036601088077,1.066036744558789,1.1837570012925462,1,1,1
2022,06,52526,tenure,Owner,1.5552828567922445,1.6160458452722064,NA,1,1,NA
2022,06,52526,tenure,Renter,1.0077435256744711,0.3247179905292913,NA,1,1,NA
2022,06,53000,tenure,All,1.2269349876843514,1.026430861918181,0.8258648217136775,1,1,1
2022,06,53000,tenure,Owner,1.4243723431311994,1.3340865074241446,1.5184991638795986,1,1,1
2022,06,53000,tenure,Renter,1.1496587030716723,0.8709049748358249,0.5793568048760928,1,1,1
2022,06,53322,tenure,All,1.1270463391878256,0.8303581852330811,0.7921639278125582,2,2,2
2022,06,53322,tenure,Owner,1.247831266698632,1.265512492578685,1.5997325711156143,2,2,2
2022,06,53322,tenure,Renter,1.0291011981538158,0.4771570033033799,0.19208136437534168,2,2,2
2022,06,53896,tenure,All,0.8773508045687614,0.8910805231888472,0.855284441425699,1,1,1
2022,06,53896,tenure,Owner,1.2731531523630926,1.7115171768869024,1.5447682389829807,1,1,1
2022,06,53896,tenure,Renter,0.563575314189995,0.2285171923961623,0.22317421460628317,1,1,1
2022,06,53980,tenure,All,1.3192007324035857,1.0901520311478325,1.0159415057194605,2,2,2
2022,06,53980,tenure,Owner,1.4403630079454517,1.692130112509263,1.7388227857540763,2,2,2
2022,06,53980,tenure,Renter,1.2232798882083316,0.5873306872075424,0.38083197440675226,2,2,2
2022,06,54652,tenure,All,1.1853564377789716,0.9643960576536557,1.08692455845148,1,1,1
2022,06,54652,tenure,Owner,1.361760244654084,1.601080335604147,2.345572273184317,1,1,1
2022,06,54652,tenure,Renter,1.051154008229008,0.5549752033627325,0.41744663825352857,1,1,1
2022,06,55156,tenure,All,1.2144138651240677,1.0069236637503651,0.7923669898913089,1,1,1
2022,06,55156,tenure,Owner,1.2643265661202938,1.2588744236370903,1.3494902554514963,1,1,1
2022,06,55156,tenure,Renter,1.1440286740882977,0.6478470303471006,0.23565579147466673,1,1,1
2022,06,56000,tenure,All,1.177150280595895,0.7561825140831757,0.6405468737884897,1,1,1
2022,06,56000,tenure,Owner,1.1626752081287794,1.0905926221420663,NA,1,1,NA
2022,06,56000,tenure,Renter,1.182369186744794,0.4992858999165068,0.2955355089467772,1,1,1
2022,06,56700,tenure,All,1.1220073438191047,1.2701240111055607,NA,2,2,NA
2022,06,56700,tenure,Owner,1.3820167943900519,NA,NA,2,NA,NA
2022,06,56700,tenure,Renter,NA,NA,NA,NA,NA,NA
2022,06,57456,tenure,All,1.1873792995459052,1.0035839306551093,1.0821173548587395,2,2,2
2022,06,57456,tenure,Owner,1.2921368765926464,1.5167209741039271,NA,2,2,NA
2022,06,57456,tenure,Renter,1.0465059356259945,0.48500081076698554,NA,2,2,NA
2022,06,57792,tenure,All,1.2726684432529616,0.8381465701792572,0.6896623401943328,2,2,2
2022,06,57792,tenure,Owner,1.5895880548805483,NA,NA,2,NA,NA
2022,06,57792,tenure,Renter,0.9939348169777937,NA,NA,2,NA,NA
2022,06,58072,tenure,All,1.2947488341211837,1.0899581330759025,1.0197006524242036,1,1,1
2022,06,58072,tenure,Owner,1.553808946563285,1.5310265942236203,2.2322469982847344,1,1,1
2022,06,58072,tenure,Renter,1.0625935474378896,0.6779439626246783,0.21134230926152595,1,1,1
2022,06,59444,tenure,All,1.3804235103694757,1.1946162356421401,0.8633983797335447,2,2,2
2022,06,59444,tenure,Owner,1.5745885782320166,2.0307300796251684,NA,2,2,NA
2022,06,59444,tenure,Renter,1.2126076669473929,0.4340985133869305,NA,2,2,NA
2022,06,59451,tenure,All,1.15310214673272,1.2362228479485116,1.374016436439937,1,1,1
2022,06,59451,tenure,Owner,1.7437942266651691,1.9223021582733812,NA,1,1,NA
2022,06,59451,tenure,Renter,0.5000620886626103,0.4487103760582792,NA,1,1,NA
2022,06,59920,tenure,All,1.3895214794536392,1.0465924081256868,0.9301675478458846,2,2,2
2022,06,59920,tenure,Owner,1.35995780339153,1.305796435101033,1.159400742415113,2,2,2
2022,06,59920,tenure,Renter,1.43003113989161,0.5902796971685803,0.3602315203140257,2,2,2
2022,06,60102,tenure,All,1.4987377500633674,1.146844385924852,0.9358023576028045,2,2,2
2022,06,60102,tenure,Owner,1.4363585255939049,1.4776783979141097,NA,2,2,NA
2022,06,60102,tenure,Renter,1.5405014746642915,0.8667008276752485,NA,2,2,NA
2022,06,60466,tenure,All,1.6308573463459322,1.3641905948636384,1.3259110084541001,2,2,2
2022,06,60466,tenure,Owner,1.5885589482472808,1.9060446283770955,NA,2,2,NA
2022,06,60466,tenure,Renter,1.696037183981872,NA,NA,2,NA,NA
2022,06,60620,tenure,All,1.2322823474827747,1.0373296867113904,0.8514524792851528,2,2,2
2022,06,60620,tenure,Owner,1.4453622281550176,1.2052280016461545,1.247334880395315,2,2,2
2022,06,60620,tenure,Renter,1.049629632462507,0.8001578702749631,0.394482069721876,2,2,2
2022,06,62000,tenure,All,1.0625464131669717,0.8189371177000192,0.7024534412326767,1,1,1
2022,06,62000,tenure,Owner,1.458060960045911,1.650015129262964,1.443548398487448,1,1,1
2022,06,62000,tenure,Renter,0.8375668990482887,0.3320721675030135,0.14741054328326267,1,1,1
2022,06,62938,tenure,All,1.2530725477409246,1.1492029986809487,1.2343074608596596,1,1,1
2022,06,62938,tenure,Owner,1.5779446394297147,1.6930002141917062,NA,1,1,NA
2022,06,62938,tenure,Renter,0.8435632573323485,0.5046893614196901,NA,1,1,NA
2022,06,64000,tenure,All,1.3619436547962547,1.0097870419650494,0.7390904118728904,1,1,1
2022,06,64000,tenure,Owner,1.5837913472791953,1.7202130586161937,1.8231069202109789,1,1,1
2022,06,64000,tenure,Renter,1.2200882848389012,0.5933369004566512,0.24979508105385614,1,1,1
2022,06,64224,tenure,All,1.3676956373163232,0.9070690136909751,0.9850065849458008,1,1,1
2022,06,64224,tenure,Owner,1.4748244734202607,1.7893522626441882,NA,1,1,NA
2022,06,64224,tenure,Renter,1.3024378322233763,0.4802610114192496,0.4644736842105263,1,1,1
2022,06,65000,tenure,All,1.2580660598127735,1.0110988352232564,0.7874238907858953,2,2,2
2022,06,65000,tenure,Owner,1.4015449472737724,1.6675287609315996,1.740832895544561,2,2,2
2022,06,65000,tenure,Renter,1.1637157682554138,0.5927467438687603,0.2332548966506043,2,2,2
2022,06,65042,tenure,All,1.171838423152065,0.9091353709908738,0.7058749606869061,1,1,1
2022,06,65042,tenure,Owner,1.474842978380515,1.4193852969495784,1.3435619347913081,1,1,1
2022,06,65042,tenure,Renter,0.9446655521052827,0.5509127173110862,0.31702958943904014,1,1,1
2022,06,66000,tenure,All,1.2045133698058328,0.9097395504929008,0.7256294245101838,1,1,1
2022,06,66000,tenure,Owner,1.4401617653310852,1.525261103703388,1.6566739125769865,1,1,1
2022,06,66000,tenure,Renter,1.081924208515222,0.5634696300311544,0.24120107390754422,1,1,1
2022,06,67000,tenure,All,1.4289313111081285,1.2995990341044599,1.1462161828011375,1,1,1
2022,06,67000,tenure,Owner,1.5426495726495726,1.7154424202090786,2.084673762588898,1,1,1
2022,06,67000,tenure,Renter,1.3797313887615188,1.0887446108059076,0.7734930902675684,1,1,1
2022,06,68000,tenure,All,1.3501170069537387,1.1187050537200132,1.04948959983104,1,1,1
2022,06,68000,tenure,Owner,1.5800774366782755,1.6077654075261798,1.8873345875088168,1,1,1
2022,06,68000,tenure,Renter,1.191031646998787,0.7492759812688885,0.46856550287996573,1,1,1
2022,06,68084,tenure,All,1.3991568498613993,1.2007170336331041,1.1992532438892551,2,2,2
2022,06,68084,tenure,Owner,1.4916468324904004,1.7838632522843276,NA,2,2,NA
2022,06,68084,tenure,Renter,1.3325496455250982,0.7195916822537487,0.40658422806108524,2,2,2
2022,06,68196,tenure,All,1.2000861627795396,0.7861072714970305,0.8145102806750062,2,2,2
2022,06,68196,tenure,Owner,1.285210239308441,1.40939528745069,NA,2,2,NA
2022,06,68196,tenure,Renter,1.137476419789107,0.348572546327959,0.18918693148755394,2,2,2
2022,06,68252,tenure,All,1.449339875753416,1.1083387328387795,0.9071757754328371,2,2,2
2022,06,68252,tenure,Owner,1.4730046560185308,1.5258963584830763,1.5459718168854815,2,2,2
2022,06,68252,tenure,Renter,1.4258728725446328,0.6958510071700543,0.30793348048374447,2,2,2
2022,06,68378,tenure,All,1.2565217391304349,1.229247730220493,NA,2,2,NA
2022,06,68378,tenure,Owner,1.4087003954725215,NA,NA,2,NA,NA
2022,06,68378,tenure,Renter,NA,NA,NA,NA,NA,NA
2022,06,69000,tenure,All,1.3488767341325958,1.0334605797745942,0.9581829259340436,1,1,1
2022,06,69000,tenure,Owner,1.6315364374076882,1.853216569031023,2.409010630719431,1,1,1
2022,06,69000,tenure,Renter,1.1992405485167936,0.6571194000998416,0.3079254188705179,1,1,1
2022,06,69070,tenure,All,1.2399944696008047,0.8158429952647931,0.7287724137931034,2,2,2
2022,06,69070,tenure,Owner,1.5672752714717122,1.5145997071682162,NA,2,2,NA
2022,06,69070,tenure,Renter,1.097257039587763,0.47480329711502434,0.2627859791506332,2,2,2
2022,06,69084,tenure,All,1.5222764844036292,1.1429173801267631,0.9601633898381061,1,1,1
2022,06,69084,tenure,Owner,1.6576103635595558,1.9617767072350014,NA,1,1,NA
2022,06,69084,tenure,Renter,1.45414405262507,0.7311636158857254,0.26083430753685255,1,1,1
2022,06,69088,tenure,All,1.1947145648231878,1.2227734092328146,1.2687849248630925,1,1,1
2022,06,69088,tenure,Owner,1.267639505094647,1.6017666749357147,1.5915348693220361,1,1,1
2022,06,69088,tenure,Renter,1.0545649123397824,0.5043020280224463,0.46995468694647174,1,1,1
2022,06,69196,tenure,All,1.3554077084404244,1.2181855961947556,1.058841600829689,2,2,2
2022,06,69196,tenure,Owner,1.4799797471643281,1.61925791814601,2.0039972393027834,2,2,2
2022,06,69196,tenure,Renter,1.2411205536949255,0.8757743283244863,0.32309568416227635,2,2,2
2022,06,70000,tenure,All,1.1996655102571636,0.8394074197556852,0.47353466407541606,1,1,1
2022,06,70000,tenure,Owner,NA,NA,NA,NA,NA,NA
2022,06,70000,tenure,Renter,1.0714053655321818,0.7339331829279023,0.31544916681911706,1,1,1
2022,06,70098,tenure,All,1.2676939269992142,1.1072026257043868,1.0254533359380804,1,1,1
2022,06,70098,tenure,Owner,1.4612326620119676,1.6321540206353833,1.715089598821562,1,1,1
2022,06,70098,tenure,Renter,1.0797297553649712,0.6267011032997714,0.3856319052320293,1,1,1
2022,06,72016,tenure,All,NA,NA,NA,NA,NA,NA
2022,06,72016,tenure,Owner,NA,NA,NA,NA,NA,NA
2022,06,72016,tenure,Renter,NA,NA,NA,NA,NA,NA
2022,06,73080,tenure,All,1.2319059431568091,1.0422263984205384,0.7898288508557458,2,2,2
2022,06,73080,tenure,Owner,1.3003598971722365,NA,NA,2,NA,NA
2022,06,73080,tenure,Renter,1.1933607111030757,0.836983702954779,0.24208690987124468,2,2,2
2022,06,75000,tenure,All,1.2356736293592345,0.8841263989130828,0.6392505476789972,1,1,1
2022,06,75000,tenure,Owner,1.4366725600473953,1.410210663098162,1.2113216015386783,1,1,1
2022,06,75000,tenure,Renter,1.068120885173599,0.4533895471389116,0.180585588813306,1,1,1
2022,06,77000,tenure,All,1.7925124836559942,1.119992301797206,1.040019193770837,1,1,1
2022,06,77000,tenure,Owner,1.9187074761008982,1.9777790197510228,2.629482823925599,1,1,1
2022,06,77000,tenure,Renter,1.7279969039448604,0.6061384368808227,0.2623324510331015,1,1,1
2022,06,78120,tenure,All,0.9882861739809751,1.064467394442808,1.0180925118459785,1,1,1
2022,06,78120,tenure,Owner,1.1970957459229061,1.3930561352504043,NA,1,1,NA
2022,06,78120,tenure,Renter,0.6128395883453379,NA,NA,1,NA,NA
2022,06,78582,tenure,All,1.1392708210448712,0.9418496305667801,0.9693187908952107,1,1,1
2022,06,78582,tenure,Owner,1.265499995814633,1.1978596936656898,1.0607447745389302,1,1,1
2022,06,78582,tenure,Renter,0.9219662335078165,0.41277971040742,NA,1,1,NA
2022,06,80000,tenure,All,1.3548530927493998,1.1572339387142883,1.1685281491219166,1,1,1
2022,06,80000,tenure,Owner,1.5639580364303087,1.8389046876637056,1.7521828594507451,1,1,1
2022,06,80000,tenure,Renter,1.2087239889975596,0.5529187961147108,0.3527340908689956,1,1,1
2022,06,80238,tenure,All,0.9715136351118707,1.1792778379094373,NA,2,2,NA
2022,06,80238,tenure,Owner,1.4329926136228799,NA,NA,2,NA,NA
2022,06,80238,tenure,Renter,0.6263677187135264,NA,NA,2,NA,NA
2022,06,80854,tenure,All,1.3248488715126356,0.8226437303950405,0.6645636993133051,2,2,2
2022,06,80854,tenure,Owner,1.8260160325257644,NA,NA,2,NA,NA
2022,06,80854,tenure,Renter,1.1182171399495684,0.38393482757698544,NA,2,2,NA
2022,06,81344,tenure,All,0.9105626175682608,0.8876531768098033,0.7874379599520794,2,2,2
2022,06,81344,tenure,Owner,1.3357599168028524,1.7113491603937463,NA,2,2,NA
2022,06,81344,tenure,Renter,0.6458564557898631,0.37174364711523095,NA,2,2,NA
2022,06,81554,tenure,All,1.2438046252540578,1.076770712383034,1.037709497206704,2,2,2
2022,06,81554,tenure,Owner,1.461776779490357,1.363114153018822,1.458656920968479,2,2,2
2022,06,81554,tenure,Renter,0.9512034105166006,0.6510295711410435,NA,2,2,NA
2022,06,81666,tenure,All,1.1706456589842043,0.8494800130031058,0.776757501742446,1,1,1
2022,06,81666,tenure,Owner,1.4412833004806918,1.3365586199452626,1.3379544614328418,1,1,1
2022,06,81666,tenure,Renter,0.9379755869449135,0.43387853390176845,0.2921794901438753,1,1,1
2022,06,82590,tenure,All,1.0654270083175363,0.8253891730785172,0.6158059185662764,2,2,2
2022,06,82590,tenure,Owner,1.124289174264766,1.1527785460986224,NA,2,2,NA
2022,06,82590,tenure,Renter,0.9976562365813555,0.42133366784394094,NA,2,2,NA
2022,06,82954,tenure,All,1.690197356000568,1.176561811745056,1.1588521439776243,1,1,1
2022,06,82954,tenure,Owner,2.1784793886491602,2.252348375142314,NA,1,1,NA
2022,06,82954,tenure,Renter,1.3181704995485575,0.34233389331006453,NA,1,1,NA
2022,06,82996,tenure,All,1.2650303046819307,0.8902465938099524,0.8770998964743714,2,2,2
2022,06,82996,tenure,Owner,1.2912977223468984,1.3925380563858252,NA,2,2,NA
2022,06,82996,tenure,Renter,1.2372913184311092,0.45649047958713096,NA,2,2,NA
2022,06,84200,tenure,All,1.1644208908938527,0.9044676773001881,0.9984378145242739,2,2,2
2022,06,84200,tenure,Owner,1.3376149175127996,1.4846196641055072,NA,2,2,NA
2022,06,84200,tenure,Renter,0.9729865735765689,0.3243490710596149,NA,2,2,NA
2022,06,84550,tenure,All,1.311106535783217,1.0260756860413105,1.0044933622358854,2,2,2
2022,06,84550,tenure,Owner,1.4769024474838137,1.6066465017742444,NA,2,2,NA
2022,06,84550,tenure,Renter,1.1924869942008247,0.5959977237254956,0.3833897014030076,2,2,2
2022,06,85292,tenure,All,1.313485007512246,1.1778434670064026,1.200013072193557,2,2,2
2022,06,85292,tenure,Owner,1.3172542205124884,1.4409958313439182,NA,2,2,NA
2022,06,85292,tenure,Renter,1.3082978364961093,0.6717631357882395,NA,2,2,NA
2022,08,03455,tenure,All,1.6694494264519597,1.5594952258953356,2.0168275144290755,2,2,2
2022,08,03455,tenure,Owner,2.1551765258214877,2.601704996153116,3.54739524459949,2,2,2
2022,08,03455,tenure,Renter,1.1878071759229547,0.5997324241373405,NA,2,2,NA
2022,08,04000,tenure,All,1.3228719672257057,1.0473535990201708,0.8944672782823806,1,1,1
2022,08,04000,tenure,Owner,1.521831094603245,1.549707433413313,1.8201953900710395,1,1,1
2022,08,04000,tenure,Renter,1.1180014517702448,0.5801406425718032,0.15531819561803692,1,1,1
2022,08,07850,tenure,All,1.3373051529692308,1.1387495199376128,0.7367795435426165,1,1,1
2022,08,07850,tenure,Owner,2.064334337171607,2.2398967448133,NA,1,1,NA
2022,08,07850,tenure,Renter,1.0344463799629873,0.6984175357288699,0.1914683453223247,1,1,1
2022,08,12815,tenure,All,1.5911702772003427,1.251622798540088,1.3583090762862124,2,2,2
2022,08,12815,tenure,Owner,1.8158472184269159,1.9657355150182567,1.8617371249112107,2,2,2
2022,08,12815,tenure,Renter,1.2595968518617064,0.19883218436130007,NA,2,2,NA
2022,08,16000,tenure,All,1.4066639888088026,1.2403511815489723,1.164611981761886,1,1,1
2022,08,16000,tenure,Owner,1.7682802257971524,1.9671297497879332,2.395682014900795,1,1,1
2022,08,16000,tenure,Renter,1.0885487814750385,0.608614656745197,0.141018895103608,1,1,1
2022,08,20000,tenure,All,1.3436037395543163,0.9705611021070505,0.7449019243643724,1,1,1
2022,08,20000,tenure,Owner,1.5724533999389345,1.4212548006369594,1.5641460257029791,1,1,1
2022,08,20000,tenure,Renter,1.2119842349142238,0.7088661259948084,0.34936606171024187,1,1,1
2022,08,27425,tenure,All,1.3768611553183288,1.0643934696831658,0.9051792893341642,2,2,2
2022,08,27425,tenure,Owner,1.7466748874520848,1.8776046150245445,2.2133187036776305,2,2,2
2022,08,27425,tenure,Renter,1.1061842534577253,0.5150643569954493,0.15216898774467563,2,2,2
2022,08,32155,tenure,All,1.3902385468463991,1.3066004774798115,1.3466822719537157,1,1,1
2022,08,32155,tenure,Owner,1.4678309348273653,1.7735493532225917,2.756706260349652,1,1,1
2022,08,32155,tenure,Renter,1.295299431488109,0.8620204868351404,0.41088815619594327,1,1,1
2022,08,43000,tenure,All,1.607108629021584,1.301610667779372,1.2349051057378315,2,2,2
2022,08,43000,tenure,Owner,1.865425546706671,2.075626001007275,2.7095373797046163,2,2,2
2022,08,43000,tenure,Renter,1.357575407772791,0.6751435594181726,0.2976455631646007,2,2,2
2022,08,45970,tenure,All,1.5251496952227541,1.3833118101028246,1.2789856412179395,1,1,1
2022,08,45970,tenure,Owner,1.8821040914290559,2.104027441483103,2.10894782766873,1,1,1
2022,08,45970,tenure,Renter,1.1495155573725322,0.6270011780910876,NA,1,1,NA
2022,08,46465,tenure,All,1.4693468646656922,1.2151328638502974,1.2897477322655402,2,2,2
2022,08,46465,tenure,Owner,1.5753131676238765,1.647339866447825,NA,2,2,NA
2022,08,46465,tenure,Renter,1.3220020446640794,0.6118540062066858,NA,2,2,NA
2022,08,62000,tenure,All,1.5013310124138661,1.5452838157860658,1.2941155150584598,2,2,2
2022,08,62000,tenure,Owner,1.789726631616875,2.169294632881945,2.059056203478407,2,2,2
2022,08,62000,tenure,Renter,1.1257378366923845,0.825682393486704,0.460047087415173,2,2,2
2022,08,77290,tenure,All,1.4954942279245043,1.3297453609958123,1.4350150609367536,2,2,2
2022,08,77290,tenure,Owner,1.5888484883626444,1.8419029423401663,2.3291611624732655,2,2,2
2022,08,77290,tenure,Renter,1.31417461786713,0.5371328120789801,NA,2,2,NA
2022,08,83835,tenure,All,1.560320605786855,1.3491034105002842,1.036044718729366,2,2,2
2022,08,83835,tenure,Owner,1.7117786421272827,1.860350989312155,1.919066012499585,2,2,2
2022,08,83835,tenure,Renter,1.3905869886314273,0.7786535351787683,NA,2,2,NA
2022,09,08000,tenure,All,1.1719716961304034,1.0284465745700593,0.6972692680743118,1,1,1
2022,09,08000,tenure,Owner,1.1553950536222368,1.1146280648289237,0.90825487190716,1,1,1
2022,09,08000,tenure,Renter,1.1843145243430433,0.8913560289083302,0.4954730647351743,1,1,1
2022,09,18430,tenure,All,1.548874393126802,1.2755716465251405,1.0299106401537133,2,2,2
2022,09,18430,tenure,Owner,1.687215489608166,1.5952198387958076,NA,2,2,NA
2022,09,18430,tenure,Renter,1.3321054721667496,0.7276876416828858,NA,2,2,NA
2022,09,37000,tenure,All,1.1694462975316877,0.9718132099284813,0.5200695745250201,1,1,1
2022,09,37000,tenure,Owner,1.1887966804979253,0.8706045041485578,NA,1,1,NA
2022,09,37000,tenure,Renter,1.1654193771227908,0.9338673093280409,0.4390317700453858,1,1,1
2022,09,52000,tenure,All,1.2281264072474902,0.7715389292228461,0.581170156915359,1,1,1
2022,09,52000,tenure,Owner,1.5780856423173804,NA,NA,1,NA,NA
2022,09,52000,tenure,Renter,1.1573298512691488,0.6856024322185665,0.4609796862946773,1,1,1
2022,09,55990,tenure,All,1.4233406186425333,1.2190651239351469,0.629731417863835,1,1,1
2022,09,55990,tenure,Owner,1.5257845983685885,1.5343635624237495,0.8634405038117335,1,1,1
2022,09,55990,tenure,Renter,1.3505459133317408,0.9698988221549396,NA,1,1,NA
2022,09,73000,tenure,All,1.1117294666180122,0.875123111875296,0.6446281590817988,2,2,2
2022,09,73000,tenure,Owner,1.4347101296306057,1.2557564439874018,1.1138802212468437,2,2,2
2022,09,73000,tenure,Renter,0.9405710772878053,0.6178840611572856,0.3449841451077277,2,2,2
2022,09,80000,tenure,All,1.2815727261415952,1.1554152907244075,0.526364105800677,1,1,1
2022,09,80000,tenure,Owner,1.5746734809767178,1.3746543778801843,0.9005361930294906,1,1,1
2022,09,80000,tenure,Renter,1.1380780279862848,0.9933957388158272,0.322724286444266,1,1,1
2022,11,50000,tenure,All,1.3100767256443862,1.1715858771235668,0.806752815902828,1,1,1
2022,11,50000,tenure,Owner,1.6585499917550706,1.6593545133635905,1.811624946966483,1,1,1
2022,11,50000,tenure,Renter,1.1949232585596221,0.9777860783969063,0.5046690424338415,1,1,1
2022,12,07300,tenure,All,1.0319211970106683,0.7468802688094286,0.5185556023492288,1,1,1
2022,12,07300,tenure,Owner,1.4740634035561153,1.0668913647546565,0.6443705707723533,1,1,1
2022,12,07300,tenure,Renter,0.47065356880614445,0.13296799673824633,NA,1,1,NA
2022,12,07875,tenure,All,1.3490161511388516,1.3698686301415213,1.2660752400005588,2,2,2
2022,12,07875,tenure,Owner,1.4807698411135943,1.7370490227949331,1.6606693480125754,2,2,2
2022,12,07875,tenure,Renter,1.022545243128104,NA,NA,2,NA,NA
2022,12,10275,tenure,All,1.3359209568617343,1.4516370560231224,1.1178486946818662,1,1,1
2022,12,10275,tenure,Owner,1.5544868321730587,1.8372936540299463,1.476528050048237,1,1,1
2022,12,10275,tenure,Renter,0.768475952201926,0.30492582501796844,0.11089649082433131,1,1,1
2022,12,12875,tenure,All,1.3758455470661735,1.0187054792323835,0.7647911661203178,2,2,2
2022,12,12875,tenure,Owner,1.5669822669836826,1.5867811676752217,1.333822180311333,2,2,2
2022,12,12875,tenure,Renter,1.1786719540677415,0.44294352799803227,0.15280155685486735,2,2,2
2022,12,14400,tenure,All,1.0234719387241815,0.7637111426573935,0.4772380425540288,1,1,1
2022,12,14400,tenure,Owner,1.3476551772264167,1.3599524886575975,NA,1,1,NA
2022,12,14400,tenure,Renter,0.8050465626306756,0.3183458404148249,NA,1,1,NA
2022,12,16475,tenure,All,1.2981785171749063,0.9036793601657671,1.180557637965227,2,2,2
2022,12,16475,tenure,Owner,1.716799118620257,1.3856263227252474,NA,2,2,NA
2022,12,16475,tenure,Renter,0.8463045292026519,0.23966919466410572,NA,2,2,NA
2022,12,16725,tenure,All,1.2243317273152787,1.0499625554849021,0.7739965110836172,1,1,1
2022,12,16725,tenure,Owner,1.375747101110599,1.4320284279975501,1.2379961250222906,1,1,1
2022,12,16725,tenure,Renter,1.0184127752630059,0.4151625471780209,NA,1,1,NA
2022,12,17200,tenure,All,1.4928936691631498,1.6005516316530024,1.5020363833831116,2,2,2
2022,12,17200,tenure,Owner,1.7724270901485237,2.0101111229506246,1.9351401869158877,2,2,2
2022,12,17200,tenure,Renter,NA,NA,NA,NA,NA,NA
2022,12,17935,tenure,All,0.8360575657987944,0.7556743302049067,0.38394380862635413,1,1,1
2022,12,17935,tenure,Owner,1.966294155866849,NA,NA,1,NA,NA
2022,12,17935,tenure,Renter,0.5077511659114147,0.21640648913376187,NA,1,1,NA
2022,12,24000,tenure,All,1.2195296607954447,0.8332435029901328,0.6634913551341587,1,1,1
2022,12,24000,tenure,Owner,1.561597393522951,1.3645949266495938,1.2341062879482365,1,1,1
2022,12,24000,tenure,Renter,0.9999938244618243,0.4212112367934533,0.19734670993911668,1,1,1
2022,12,24125,tenure,All,1.3591732030008348,1.0882226518620497,1.0139059805684336,2,2,2
2022,12,24125,tenure,Owner,1.910126011148947,1.9803195652622878,2.1190332792340003,2,2,2
2022,12,24125,tenure,Renter,0.9458504382271162,0.5332522711235402,0.3926763384355726,2,2,2
2022,12,25175,tenure,All,1.3168166327701114,0.9059055136133488,0.5915630395087247,1,1,1
2022,12,25175,tenure,Owner,1.916855249446105,1.7613385241160753,1.7391705161713082,1,1,1
2022,12,25175,tenure,Renter,1.086681923062472,0.5776648266724702,0.24629136689284384,1,1,1
2022,12,30000,tenure,All,1.1087865217234787,0.8698955702709538,0.7581761687038553,1,1,1
2022,12,30000,tenure,Owner,1.1704878114915174,1.25680988788692,1.1917405814468585,1,1,1
2022,12,30000,tenure,Renter,1.05860129186165,0.48936543201605726,0.2770462712672413,1,1,1
2022,12,32000,tenure,All,1.1581794551394131,0.780427469308893,0.596860483830071,2,2,2
2022,12,32000,tenure,Owner,1.3777962160584385,1.3807809598147087,1.0921197521183414,2,2,2
2022,12,32000,tenure,Renter,0.9584389317821335,0.28359773585539233,0.09698125782355967,2,2,2
2022,12,32275,tenure,All,1.2663587359891557,0.9038351065618082,0.6983427690624594,2,2,2
2022,12,32275,tenure,Owner,1.3423179254294477,1.581037053711075,NA,2,2,NA
2022,12,32275,tenure,Renter,1.2167096643548778,0.5711147841090374,0.3282638147448695,2,2,2
2022,12,35000,tenure,All,1.4410600625097356,1.0925256314404714,0.9714372227564517,1,1,1
2022,12,35000,tenure,Owner,1.7345351898641603,1.787862746529095,1.9062894407631619,1,1,1
2022,12,35000,tenure,Renter,1.1836067703180437,0.5268504034974346,0.2856110937160056,1,1,1
2022,12,36950,tenure,All,1.0533585212105305,0.7175542749450611,0.7668854097659564,2,2,2
2022,12,36950,tenure,Owner,1.453437122317554,NA,NA,2,NA,NA
2022,12,36950,tenure,Renter,0.7312039186254569,0.29307072954028146,NA,2,2,NA
2022,12,38250,tenure,All,1.438891274273306,1.3913012916037475,1.3914508831560524,2,2,2
2022,12,38250,tenure,Owner,1.656376423404252,2.1581624951291585,2.5278964098727514,2,2,2
2022,12,38250,tenure,Renter,1.1972081705142175,0.47090113636937353,0.3599239349349299,2,2,2
2022,12,39425,tenure,All,1.4340928732973617,1.3488294316160825,1.016791990101873,2,2,2
2022,12,39425,tenure,Owner,1.5264660656516496,1.8445801785134568,1.5596127132486959,2,2,2
2022,12,39425,tenure,Renter,1.3090147946304747,0.6559881649262108,0.20730163876917773,2,2,2
2022,12,43975,tenure,All,1.562029330359998,1.2602302299174257,1.2227817909249568,2,2,2
2022,12,43975,tenure,Owner,1.753214466863353,1.7757508544199054,1.8249868917043774,2,2,2
2022,12,43975,tenure,Renter,1.2533274386971043,0.43559365387920146,NA,2,2,NA
2022,12,45000,tenure,All,1.0678224617369243,0.7768692842496089,0.6113724916642337,1,1,1
2022,12,45000,tenure,Owner,1.3767722585259086,1.3985602670394093,1.3094321074052393,1,1,1
2022,12,45000,tenure,Renter,0.9914059228421296,0.5751089056020541,0.36036877477791485,1,1,1
2022,12,45025,tenure,All,1.1087129232923638,0.6035940145014036,0.42690516548030255,1,1,1
2022,12,45025,tenure,Owner,1.412938934762463,1.1907434895107414,NA,1,1,NA
2022,12,45025,tenure,Renter,0.9972981697464193,0.32320821560669183,0.18988445607150642,1,1,1
2022,12,45060,tenure,All,1.2007251816640694,0.8901618509020333,0.8074467267350461,2,2,2
2022,12,45060,tenure,Owner,1.2648501631199633,1.223962292000264,1.4684322732904433,2,2,2
2022,12,45060,tenure,Renter,1.1334178754885242,0.4869969770658857,0.22772596578612922,2,2,2
2022,12,45975,tenure,All,1.1836484309201125,1.1575024240394345,0.9271309680030114,1,1,1
2022,12,45975,tenure,Owner,1.5578126227365403,1.9616480441653532,1.5106003502193854,1,1,1
2022,12,45975,tenure,Renter,0.8686106612639045,0.27104678200819904,NA,1,1,NA
2022,12,49675,tenure,All,1.602155409259111,1.7789057875559897,1.771781424462866,2,2,2
2022,12,49675,tenure,Owner,1.8140449977732545,2.2072498637171494,2.1462696705536057,2,2,2
2022,12,49675,tenure,Renter,0.908753196470194,NA,NA,2,NA,NA
2022,12,53000,tenure,All,1.2016971880342062,0.8448050390432498,0.7374658909653171,2,2,2
2022,12,53000,tenure,Owner,1.539428309114584,1.6385486013222883,1.662090990805147,2,2,2
2022,12,53000,tenure,Renter,1.0049231164476486,0.3536106979469906,0.23657461647041012,2,2,2
2022,12,54000,tenure,All,1.4398752674329407,1.6194232234404051,2.0083093288914604,1,1,1
2022,12,54000,tenure,Owner,1.5586038199120054,2.3139977558965827,3.0902769843073803,1,1,1
2022,12,54000,tenure,Renter,1.1128317387921276,0.3159905385061352,NA,1,1,NA
2022,12,54200,tenure,All,1.4512282713812,1.7808672329012067,2.1738636363636363,1,1,1
2022,12,54200,tenure,Owner,1.7544859359844809,2.2292091683667343,2.739419244638451,1,1,1
2022,12,54200,tenure,Renter,0.6450174034850301,NA,NA,1,NA,NA
2022,12,55775,tenure,All,1.2212312723475605,1.0943656075395054,0.8773209434257012,1,1,1
2022,12,55775,tenure,Owner,1.4684580733467518,1.6176202074073947,1.1333934001896138,1,1,1
2022,12,55775,tenure,Renter,0.8576355745292086,0.23656056950411475,NA,1,1,NA
2022,12,57425,tenure,All,1.1780357595831719,1.1051929017762678,0.8345079220961094,2,2,2
2022,12,57425,tenure,Owner,1.5116747504292256,1.6866172881041481,1.2627580936692337,2,2,2
2022,12,57425,tenure,Renter,0.7475054879405022,NA,NA,2,NA,NA
2022,12,58050,tenure,All,1.2314677844380926,1.0379223039684706,0.7857619809345948,1,1,1
2022,12,58050,tenure,Owner,1.3781877785964225,1.6491901035985985,1.3765189519011272,1,1,1
2022,12,58050,tenure,Renter,1.073639024634673,0.37862470126738645,0.08534471177987926,1,1,1
2022,12,58715,tenure,All,1.315395297943354,1.3411760244584918,1.199680298488134,1,1,1
2022,12,58715,tenure,Owner,1.4684839147772173,1.7419148568136131,1.5929325925769982,1,1,1
2022,12,58715,tenure,Renter,0.8684527965995013,0.48696959093846437,0.3599264252604508,1,1,1
2022,12,63000,tenure,All,1.3588857044979197,1.1097516325286616,0.9317787110663652,1,1,1
2022,12,63000,tenure,Owner,1.688377363677834,1.6161222069781904,1.4725856992197657,1,1,1
2022,12,63000,tenure,Renter,1.0207307175891884,0.49695760128427546,0.27126484055487365,1,1,1
2022,12,69700,tenure,All,1.181193986876917,1.0548469471796535,0.8092370638019452,2,2,2
2022,12,69700,tenure,Owner,1.464223630999488,1.5903790034288179,1.2090096682989606,2,2,2
2022,12,69700,tenure,Renter,0.8029905827390463,NA,NA,2,NA,NA
2022,12,70600,tenure,All,1.3081524279378023,1.0566478756125157,0.7832798548630178,1,1,1
2022,12,70600,tenure,Owner,1.9062456020440672,1.9196585315002401,2.4104116258879476,1,1,1
2022,12,70600,tenure,Renter,1.083017234145411,0.7294099262146075,0.33868330781301237,1,1,1
2022,12,71000,tenure,All,1.2093523785238136,0.8674269309040423,0.7186127226810912,1,1,1
2022,12,71000,tenure,Owner,1.5870238954088038,1.4601912117622107,1.5590211604697028,1,1,1
2022,12,71000,tenure,Renter,0.9925906367521886,0.5014908488997838,0.2564030799047008,1,1,1
2022,12,76600,tenure,All,1.2415909424643157,1.0832681927782744,0.902163115271114,2,2,2
2022,12,76600,tenure,Owner,1.3673313457392664,1.4924628759084253,1.5535183595364057,2,2,2
2022,12,76600,tenure,Renter,1.1289090049566408,0.6566929080235347,0.329938459372083,2,2,2
2022,13,03440,tenure,All,1.3331077145738992,0.864358095618654,0.5257958357766505,1,1,1
2022,13,03440,tenure,Owner,2.075725007131737,2.054016389903858,2.193060971981507,1,1,1
2022,13,03440,tenure,Renter,1.114624937715892,0.5903086416671977,0.19904160011111885,1,1,1
2022,13,04000,tenure,All,1.3744606370439847,0.9593187784451785,0.7819478551746059,1,1,1
2022,13,04000,tenure,Owner,1.8758546416111321,1.88871958713582,1.8494895021518123,1,1,1
2022,13,04000,tenure,Renter,1.173221960084541,0.6029420630520405,0.4269228797100721,1,1,1
2022,13,04204,tenure,All,1.5119137255607298,1.2640988775187054,1.054698890431648,1,1,1
2022,13,04204,tenure,Owner,1.8052525457642408,1.8726011272968504,2.056431131845288,1,1,1
2022,13,04204,tenure,Renter,1.277000206506386,0.7337379679333335,0.427307011451951,1,1,1
2022,13,19000,tenure,All,1.4581917262206345,1.1759870223283586,1.0575070314583503,1,1,1
2022,13,19000,tenure,Owner,1.6780084371096744,2.0256390083134073,2.0539611269798717,1,1,1
2022,13,19000,tenure,Renter,1.3039004344159282,0.6352367609799974,0.46081169962942087,1,1,1
2022,13,42425,tenure,All,1.8125095927896895,1.4985387255512745,NA,2,2,NA
2022,13,42425,tenure,Owner,2.4839104153674305,3.171225249559838,NA,2,2,NA
2022,13,42425,tenure,Renter,1.067233064261537,NA,NA,2,NA,NA
2022,13,49008,tenure,All,1.483727067102287,1.1252145673857574,1.0571649712516586,1,1,1
2022,13,49008,tenure,Owner,1.9637497892429607,1.8571790647573185,1.7422545454545455,1,1,1
2022,13,49008,tenure,Renter,1.198597896845268,0.5910421545667447,0.501293141888879,1,1,1
2022,13,67284,tenure,All,1.8215667625018845,1.6149136684368455,NA,2,2,NA
2022,13,67284,tenure,Owner,2.2823043954494486,NA,NA,2,NA,NA
2022,13,67284,tenure,Renter,1.283796284840169,NA,NA,2,NA,NA
2022,13,68516,tenure,All,1.5487466143190027,0.9910468757504239,0.7046113077991452,1,1,1
2022,13,68516,tenure,Owner,1.6505003245522798,1.9713961224851033,NA,1,1,NA
2022,13,68516,tenure,Renter,1.4786483922091709,0.19256419507150915,0.17970532081213186,1,1,1
2022,13,69000,tenure,All,1.4175578748020672,1.021991203271739,0.851041282936378,2,2,2
2022,13,69000,tenure,Owner,1.7932446332652754,1.626553741360644,1.6446463049549909,2,2,2
2022,13,69000,tenure,Renter,1.1721960964110427,0.5903930175410925,0.25029387432435923,2,2,2
2022,13,72122,tenure,All,1.7209302348364022,1.4880124033601698,1.1383710707852503,2,2,2
2022,13,72122,tenure,Owner,1.9043043132741027,2.331347029243071,NA,2,2,NA
2022,13,72122,tenure,Renter,1.5168310802155727,0.8412249238595474,0.4199100572633221,2,2,2
2022,13,80508,tenure,All,2.1169397624876787,1.9064341223199857,2.029087270499276,2,2,2
2022,13,80508,tenure,Owner,2.471749204116347,2.9085309126446686,NA,2,2,NA
2022,13,80508,tenure,Renter,1.7296908197869816,1.0155319472275905,NA,2,2,NA
2022,15,71550,tenure,All,1.2656484186664323,1.0950420740514613,0.8812724987786222,1,1,1
2022,15,71550,tenure,Owner,1.4421648988523135,1.5036837270504873,1.8367721516776843,1,1,1
2022,15,71550,tenure,Renter,1.156096789699027,0.7731422335274801,0.34150218770135576,1,1,1
2022,16,08830,tenure,All,1.5512146761986547,1.6145498671722045,1.7152270223899084,2,2,2
2022,16,08830,tenure,Owner,1.9742388455404583,2.6694787922497873,3.720822440794533,2,2,2
2022,16,08830,tenure,Renter,1.1113600581242575,0.689617792012037,0.23406555080139424,2,2,2
2022,16,52120,tenure,All,1.6591075972928322,1.696789941792673,1.9951624649419746,2,2,2
2022,16,52120,tenure,Owner,1.9387968433423544,2.434999024915376,NA,2,2,NA
2022,16,52120,tenure,Renter,1.1485378803630941,0.5394706100345591,NA,2,2,NA
2022,16,56260,tenure,All,1.6209400362862034,1.7855530655577592,2.041638041173516,2,2,2
2022,16,56260,tenure,Owner,1.7921278370155174,2.277467815017229,2.915714765578101,2,2,2
2022,16,56260,tenure,Renter,1.2487488336206685,NA,NA,2,NA,NA
2022,17,02154,tenure,All,1.7090203504186008,1.604731187621268,0.8833654402709484,3,3,3
2022,17,02154,tenure,Owner,1.8935005172028718,2.173752897133174,NA,3,3,NA
2022,17,02154,tenure,Renter,1.5060106649878224,NA,NA,3,NA,NA
2022,17,03012,tenure,All,1.520105454244664,1.5147897008781592,1.1453880490405342,2,2,2
2022,17,03012,tenure,Owner,1.6765522967653568,1.778977409751379,1.7193512786212857,2,2,2
2022,17,03012,tenure,Renter,1.3174486687876168,1.1417566646510307,0.46235514961867463,2,2,2
2022,17,06613,tenure,All,1.668788469358637,2.0045206534208053,1.4627016677127211,2,2,2
2022,17,06613,tenure,Owner,1.8099951747840388,2.587329171157672,NA,2,2,NA
2022,17,06613,tenure,Renter,1.4984485079396546,1.4758308918102019,0.5829604547251989,2,2,2
2022,17,12385,tenure,All,1.5711514251072987,1.4890140550236646,0.62739348936099,2,2,2
2022,17,12385,tenure,Owner,2.1363495335223446,2.070586485325908,NA,2,2,NA
2022,17,12385,tenure,Renter,1.3252292868119828,1.2915233073447074,0.33743986197357473,2,2,2
2022,17,14000,tenure,All,1.3007209476232173,1.0867778476385785,0.6113835358699776,1,1,1
2022,17,14000,tenure,Owner,1.5501074017148788,1.4911129398368443,1.1360393266905024,1,1,1
2022,17,14000,tenure,Renter,1.1806385296592254,0.8746553143101055,0.3606238177486587,1,1,1
2022,17,14351,tenure,All,1.4293961183110806,1.3208852546060015,0.8715454983148773,2,2,2
2022,17,14351,tenure,Owner,1.6195683133367915,NA,NA,2,NA,NA
2022,17,14351,tenure,Renter,1.3019366422234528,1.1646573417700699,NA,2,2,NA
2022,17,23074,tenure,All,1.7048967751640325,1.6901481386423065,1.1296193453516212,2,2,2
2022,17,23074,tenure,Owner,1.8857807173422505,2.2519519968054302,NA,2,2,NA
2022,17,23074,tenure,Renter,1.4280832162752328,1.0592472841491447,NA,2,2,NA
2022,17,24582,tenure,All,1.6356706918558048,1.2609885197770185,0.6335177873769965,2,2,2
2022,17,24582,tenure,Owner,1.959363629340691,1.9207371429861881,NA,2,2,NA
2022,17,24582,tenure,Renter,1.3441797953826238,0.8204380726014696,NA,2,2,NA
2022,17,38570,tenure,All,1.695119843728494,1.5581643671819352,1.204021780546585,2,2,2
2022,17,38570,tenure,Owner,1.8977362101184696,2.02289994528263,2.198585704897401,2,2,2
2022,17,38570,tenure,Renter,1.3239203568406455,0.9760179718670822,0.33809878383806063,2,2,2
2022,17,51622,tenure,All,1.7713172462977353,1.5489170578863871,1.1481834283032373,2,2,2
2022,17,51622,tenure,Owner,1.9302332163090246,2.074060745016208,NA,2,2,NA
2022,17,51622,tenure,Renter,1.469811808564365,NA,NA,2,NA,NA
2022,17,59000,tenure,All,1.6985138516263227,1.7493099125220994,1.2277349425247228,2,2,2
2022,17,59000,tenure,Owner,2.060847405301803,2.533912909138195,2.0950706204725664,2,2,2
2022,17,59000,tenure,Renter,1.3389881208691183,1.1671493742687038,0.6354027642173076,2,2,2
2022,17,65000,tenure,All,1.6601528775008285,1.5532629869339714,1.1229369560646096,1,1,1
2022,17,65000,tenure,Owner,1.9717980193392604,1.9466558811464376,1.8371652132829794,1,1,1
2022,17,65000,tenure,Renter,1.3500907235352997,1.0963901702205605,0.5282381040182801,1,1,1
2022,17,68003,tenure,All,1.8084779578591677,1.5873831065915271,NA,2,2,NA
2022,17,68003,tenure,Owner,1.8081833258924525,2.1730479447638515,NA,2,2,NA
2022,17,68003,tenure,Renter,NA,NA,NA,NA,NA,NA
2022,17,72000,tenure,All,2.067416934375554,2.4531937972802584,1.7716197511204734,2,2,2
2022,17,72000,tenure,Owner,2.2850816578954505,3.0178632730126034,2.682925192285028,2,2,2
2022,17,72000,tenure,Renter,1.7488107723275739,1.8138699996427403,0.748809575023294,2,2,2
2022,17,79293,tenure,All,1.4903537111652303,1.4909328418633427,1.1377728766217503,2,2,2
2022,17,79293,tenure,Owner,1.9873300296620795,2.471647309693817,NA,2,2,NA
2022,17,79293,tenure,Renter,1.1797355256025668,0.868123933126467,NA,2,2,NA
2022,18,05860,tenure,All,1.6361605702354498,1.4169044481584414,0.8290071237782694,2,2,2
2022,18,05860,tenure,Owner,2.7337500687491887,2.8996417626844737,NA,2,2,NA
2022,18,05860,tenure,Renter,1.1997928674782483,0.9298635559816759,0.21566731141199225,2,2,2
2022,18,10342,tenure,All,1.9752272198261571,1.8680855936950547,NA,2,2,NA
2022,18,10342,tenure,Owner,2.5913179089687217,3.1755012377194136,NA,2,2,NA
2022,18,10342,tenure,Renter,1.3943407911787236,NA,NA,2,NA,NA
2022,18,22000,tenure,All,1.674610198563482,1.761136995451976,1.3902941055453015,2,2,2
2022,18,22000,tenure,Owner,1.8371103438753154,2.4378204914955397,2.4354828049773367,2,2,2
2022,18,22000,tenure,Renter,1.4661905413376666,1.1537211042558635,0.5648222610247927,2,2,2
2022,18,23278,tenure,All,2.2018115241190643,2.2498206173724875,NA,2,2,NA
2022,18,23278,tenure,Owner,2.861518073955164,NA,NA,2,NA,NA
2022,18,23278,tenure,Renter,1.4338224936513515,NA,NA,2,NA,NA
2022,18,25000,tenure,All,1.6862359982347774,1.809317926199013,1.594970985405146,1,1,1
2022,18,25000,tenure,Owner,2.063212793907248,2.660622066653672,3.098913915646751,1,1,1
2022,18,25000,tenure,Renter,1.2810667628088048,1.0078937064869198,0.48489709446254275,1,1,1
2022,18,31000,tenure,All,1.5068866875164075,1.549402561881067,1.2689455946076071,2,2,2
2022,18,31000,tenure,Owner,1.7092385558067538,2.1665487392597496,NA,2,2,NA
2022,18,31000,tenure,Renter,1.3188215170097661,1.0818978907200636,0.46551971326164876,2,2,2
2022,18,36003,tenure,All,1.5643219911590052,1.4629386759514398,0.9164901438019177,1,1,1
2022,18,36003,tenure,Owner,2.005936425356313,2.1599355079686697,2.194348252836843,1,1,1
2022,18,36003,tenure,Renter,1.243505056453613,1.0330760588042045,0.27132793539297867,1,1,1
2022,18,71000,tenure,All,1.75703264161329,1.822665287265506,1.489396484565262,1,1,1
2022,18,71000,tenure,Owner,2.0683164852891065,2.746727460868403,2.854952135707949,1,1,1
2022,18,71000,tenure,Renter,1.465278342501853,1.1047271359709177,0.5800806486775292,1,1,1
2022,19,12000,tenure,All,1.655722397200975,1.7668788628730212,1.2991822545166036,1,1,1
2022,19,12000,tenure,Owner,1.839548969797761,2.18639461003239,1.5863567387799051,1,1,1
2022,19,12000,tenure,Renter,1.439965304979083,1.4540775242286086,0.9538221422813569,1,1,1
2022,19,19000,tenure,All,1.597056673165544,1.5971229197696646,1.364916925199316,2,2,2
2022,19,19000,tenure,Owner,1.9831023454157781,2.299060800790904,NA,2,2,NA
2022,19,19000,tenure,Renter,1.214599089123804,1.0172505180769644,NA,2,2,NA
2022,19,21000,tenure,All,1.4878088428804819,1.4747135612478413,0.8079691493237968,1,1,1
2022,19,21000,tenure,Owner,1.6338704969609426,1.7462267631842514,1.5047568012121328,1,1,1
2022,19,21000,tenure,Renter,1.3357615876358517,1.233125548057914,0.28900925542995093,1,1,1
2022,19,73335,tenure,All,1.816149249867416,2.0749456761223657,1.4641225800122184,2,2,2
2022,19,73335,tenure,Owner,2.1333447593754955,2.6766721752724116,NA,2,2,NA
2022,19,73335,tenure,Renter,1.4228672993761067,1.2863102595797282,0.4374250299880048,2,2,2
2022,20,36000,tenure,All,1.4489414637842901,1.553875466411434,1.3029837740133638,1,1,1
2022,20,36000,tenure,Owner,1.5282807156413012,1.7077697026739531,2.120737036044585,1,1,1
2022,20,36000,tenure,Renter,1.355353000403394,1.2702825538257112,0.4971223163174842,1,1,1
2022,20,38900,tenure,All,1.4260976879365088,1.3279579652485698,0.8712857836147793,1,1,1
2022,20,38900,tenure,Owner,1.6941137760854537,1.969850196428608,NA,1,1,NA
2022,20,38900,tenure,Renter,1.264150168488932,1.008973470511932,0.34115142851701996,1,1,1
2022,20,52575,tenure,All,1.8425694229852396,1.455261998417668,1.4220081850132567,2,2,2
2022,20,52575,tenure,Owner,2.109351184486835,2.1532476261915545,NA,2,2,NA
2022,20,52575,tenure,Renter,1.4522485923150767,0.7779054638529191,NA,2,2,NA
2022,20,53775,tenure,All,1.8798626312729456,1.524645412115201,0.6994714794886744,2,2,2
2022,20,53775,tenure,Owner,2.4694472341728795,2.5114044480629416,1.7569176621062426,2,2,2
2022,20,53775,tenure,Renter,1.4565746113801545,0.8860999634914517,0.07291115946925589,2,2,2
2022,20,71000,tenure,All,1.5026146202450723,1.5526224077292559,1.4183996532376333,1,1,1
2022,20,71000,tenure,Owner,1.8130907341832165,1.9232725815194482,2.0192992135926686,1,1,1
2022,20,71000,tenure,Renter,1.2150527261173232,1.130088785647789,0.7949927140706143,1,1,1
2022,20,79000,tenure,All,1.5584122966021978,1.6407564689186185,1.228446185991675,2,2,2
2022,20,79000,tenure,Owner,1.8191926450943692,2.200077822282992,2.087898114177631,2,2,2
2022,20,79000,tenure,Renter,1.2877044442640142,1.1223177493237488,0.45457663830290873,2,2,2
2022,21,46027,tenure,All,1.4885688187558745,1.326656644862471,0.8246823303764086,1,1,1
2022,21,46027,tenure,Owner,2.0097255078667717,2.4553036621426947,2.556597074279222,1,1,1
2022,21,46027,tenure,Renter,1.2047926719555082,0.864417126841857,0.2941846773274585,1,1,1
2022,21,48006,tenure,All,1.5960502352179993,1.4975274068475726,1.2656459286145958,2,2,2
2022,21,48006,tenure,Owner,1.8667124540089324,1.9984259205692585,2.216028036939186,2,2,2
2022,21,48006,tenure,Renter,1.2796297542002426,0.8896904488857762,0.2636455239405379,2,2,2
2022,22,05000,tenure,All,1.3476985660683727,1.3588524272162035,0.9636469001991708,1,1,1
2022,22,05000,tenure,Owner,1.526946526519564,1.5811171204251773,2.2136251333713237,1,1,1
2022,22,05000,tenure,Renter,1.2510983970730047,1.1666701102637427,0.39032596553262294,1,1,1
2022,22,40735,tenure,All,1.49584826367648,1.4917305276229338,1.4053681349107228,2,2,2
2022,22,40735,tenure,Owner,1.7708767407273875,2.1321663648449314,2.3584029814999985,2,2,2
2022,22,40735,tenure,Renter,1.2304897979990344,0.7034397654727088,0.3820910657887053,2,2,2
2022,22,41155,tenure,All,1.8758088115526006,1.5336928043518876,1.443474194492233,2,2,2
2022,22,41155,tenure,Owner,1.8336841801912576,1.9655548066244954,2.0493215320074283,2,2,2
2022,22,41155,tenure,Renter,1.9294994953177929,0.7296162414419612,NA,2,2,NA
2022,22,55000,tenure,All,1.1573004994772913,0.9813950364375189,0.7599312123817713,1,1,1
2022,22,55000,tenure,Owner,1.4155277528966455,1.6086410206843225,1.4848357791754019,1,1,1
2022,22,55000,tenure,Renter,0.9837027252772867,0.5573568009881118,0.3292145296491773,1,1,1
2022,22,70000,tenure,All,1.3737926461333403,1.1684361481832415,1.0514860432773727,1,1,1
2022,22,70000,tenure,Owner,1.6683053830023349,1.772780673051553,1.8024734773049798,1,1,1
2022,22,70000,tenure,Renter,1.1606495718057466,0.673975388846799,0.466210197333071,1,1,1
2022,24,04000,tenure,All,1.3060979204934575,1.2206765970117348,0.8587988826815642,1,1,1
2022,24,04000,tenure,Owner,1.580126927675752,1.7184208674438788,1.4828471769711373,1,1,1
2022,24,04000,tenure,Renter,1.1452759234935315,0.9275139222166886,0.5084487974461399,1,1,1
2022,24,30325,tenure,All,1.6737671267456136,1.575646529606951,1.0412241034809127,2,2,2
2022,24,30325,tenure,Owner,1.804747630235761,1.8633257403189067,NA,2,2,NA
2022,24,30325,tenure,Renter,1.5188670257032746,1.2555639856045162,NA,2,2,NA
2022,25,07000,tenure,All,1.1713677425425801,0.8917407734073457,0.7392370350573444,1,1,1
2022,25,07000,tenure,Owner,1.5219994653835873,1.5164885566206485,1.2701222713974945,1,1,1
2022,25,07000,tenure,Renter,1.0724615825428663,0.7145706425623894,0.5812754372456276,1,1,1
2022,25,09000,tenure,All,1.2238847881899872,0.8856311809191391,0.8072737966865994,1,1,1
2022,25,09000,tenure,Owner,1.3253731343283581,1.074319458447357,1.2768342391304348,1,1,1
2022,25,09000,tenure,Renter,1.155330017475467,0.7399238801600468,0.5915667631252584,1,1,1
2022,25,11000,tenure,All,1.2532630725577625,0.9089169758812616,0.7819896934230064,1,1,1
2022,25,11000,tenure,Owner,1.9417245158933139,2.6552433173406444,NA,1,1,NA
2022,25,11000,tenure,Renter,1.0569389456136695,0.5001395673412421,0.43628736234923965,1,1,1
2022,25,23000,tenure,All,1.3116085902794319,1.2361070845596636,0.7800844685027661,2,2,2
2022,25,23000,tenure,Owner,1.4754947290549287,1.520910913778287,NA,2,2,NA
2022,25,23000,tenure,Renter,1.2307275796588484,1.087987859748043,0.6198889060330196,2,2,2
2022,25,34550,tenure,All,1.2131312307875581,0.8005787509714443,0.5437643458301453,2,2,2
2022,25,34550,tenure,Owner,1.1651454955438634,NA,NA,2,NA,NA
2022,25,34550,tenure,Renter,1.236878037330123,0.6840636567704196,0.4510112124069999,2,2,2
2022,25,37000,tenure,All,1.2250580839141725,1.1833023755987877,0.8694291127769997,1,1,1
2022,25,37000,tenure,Owner,1.404665629860031,1.3522260555281749,NA,1,1,NA
2022,25,37000,tenure,Renter,1.136778270396983,1.0863544638508107,0.5900031635558367,1,1,1
2022,25,37490,tenure,All,1.17340670683409,0.9375958641984622,0.8189111471703812,1,1,1
2022,25,37490,tenure,Owner,1.2523882307895557,1.0320499050529859,1.2394576586407846,1,1,1
2022,25,37490,tenure,Renter,1.1187584833723438,0.8620626983295387,0.6328775311995198,1,1,1
2022,25,45000,tenure,All,1.3961479234010012,1.3061113149884975,1.043296273652907,2,2,2
2022,25,45000,tenure,Owner,1.4938462919134619,1.3218041860267506,1.668257523240726,2,2,2
2022,25,45000,tenure,Renter,1.3262891415643452,1.1993767618496234,0.6223591177975989,2,2,2
2022,25,45560,tenure,All,1.4547713674536418,1.2696241037405593,0.7847887323943661,2,2,2
2022,25,45560,tenure,Owner,1.8032643532228814,1.898173449583639,NA,2,2,NA
2022,25,45560,tenure,Renter,1.2066133061049453,0.8279657104996055,NA,2,2,NA
2022,25,55745,tenure,All,1.3950143556151975,1.0993877129511438,0.966344833634508,1,1,1
2022,25,55745,tenure,Owner,1.5259968679905724,1.7006747943558442,NA,1,1,NA
2022,25,55745,tenure,Renter,1.3102469266516503,0.7679901762875848,0.5478361772994095,1,1,1
2022,25,62535,tenure,All,1.4165045250080357,0.9829791641420419,0.7145261907119517,2,2,2
2022,25,62535,tenure,Owner,1.6054068861048494,NA,NA,2,NA,NA
2022,25,62535,tenure,Renter,1.3630578713996344,0.7326385544265503,0.48902121324897657,2,2,2
2022,25,67000,tenure,All,1.2309164363172442,0.9580385007570373,0.6448129579637486,1,1,1
2022,25,67000,tenure,Owner,1.436443288383873,1.2024908739531888,0.9570616712271101,1,1,1
2022,25,67000,tenure,Renter,1.1225918175914569,0.8058050240791358,0.4750203213906084,1,1,1
2022,25,82000,tenure,All,1.2283072004871365,0.9388375852903297,0.7154439819632328,1,1,1
2022,25,82000,tenure,Owner,1.4643041332056288,1.3995918367346938,1.4255152621967127,1,1,1
2022,25,82000,tenure,Renter,1.1461299674183534,0.7693442679202553,0.4931620820550153,1,1,1
2022,26,03000,tenure,All,1.6203970901063116,1.0463286641673624,0.5850486572443069,1,1,1
2022,26,03000,tenure,Owner,2.3122446939234877,2.113647287306258,NA,1,1,NA
2022,26,03000,tenure,Renter,1.3837165406984029,0.7526907716878756,0.20781938141636994,1,1,1
2022,26,21000,tenure,All,1.4437662822559587,1.27786885597792,0.9104814198210774,2,2,2
2022,26,21000,tenure,Owner,1.6934306415325406,1.7416221627965947,NA,2,2,NA
2022,26,21000,tenure,Renter,1.0631219222862127,0.54577961317561,NA,2,2,NA
2022,26,22000,tenure,All,1.2635744018423782,1.2644131812375983,1.0228597632872658,1,1,1
2022,26,22000,tenure,Owner,1.451951225754897,1.788697135396593,1.8879682935605027,1,1,1
2022,26,22000,tenure,Renter,1.1169517922811167,0.8340921611119918,0.4118753889696145,1,1,1
2022,26,27440,tenure,All,1.980869425307423,1.6220341346795988,0.6802981747248154,2,2,2
2022,26,27440,tenure,Owner,2.127626994832475,2.3886843397152675,NA,2,2,NA
2022,26,27440,tenure,Renter,1.8462547409765762,1.0315856153727143,NA,2,2,NA
2022,26,29000,tenure,All,1.4375306427488075,1.4323629870342214,1.3854033486770252,1,1,1
2022,26,29000,tenure,Owner,1.4974361381138783,1.7518163158090279,2.0949632787481938,1,1,1
2022,26,29000,tenure,Renter,1.3683919786659766,0.9520268742196188,0.6116617903401673,1,1,1
2022,26,34000,tenure,All,1.6694255571389363,1.298381010293968,1.043797935096613,1,1,1
2022,26,34000,tenure,Owner,2.318902785087638,2.598966650551603,NA,1,1,NA
2022,26,34000,tenure,Renter,1.2778653177582795,0.6947917729487484,0.27256404649295674,1,1,1
2022,26,46000,tenure,All,1.6689037456230498,1.7594407859010364,1.1153522661558783,1,1,1
2022,26,46000,tenure,Owner,2.1440034035467286,2.701413677851891,2.4528886363871414,1,1,1
2022,26,46000,tenure,Renter,1.3230837877308004,1.166081927028978,0.45175435370404854,1,1,1
2022,26,49000,tenure,All,2.043596744573779,1.8609724512032784,1.8835943693807669,2,2,2
2022,26,49000,tenure,Owner,2.3354384501544234,2.5351027155356194,2.3099326027919496,2,2,2
2022,26,49000,tenure,Renter,NA,NA,NA,NA,NA,NA
2022,26,69035,tenure,All,2.2227564732247234,2.439567275328816,NA,2,2,NA
2022,26,69035,tenure,Owner,2.990585071346782,NA,NA,2,NA,NA
2022,26,69035,tenure,Renter,NA,NA,NA,NA,NA,NA
2022,26,74900,tenure,All,2.006627579276527,1.63396404366509,0.6802981747248154,2,2,2
2022,26,74900,tenure,Owner,2.1357209676345437,NA,NA,2,NA,NA
2022,26,74900,tenure,Renter,1.8882155220364578,NA,NA,2,NA,NA
2022,26,76460,tenure,All,1.6771547021601572,1.486493768945773,1.4969175443103004,1,1,1
2022,26,76460,tenure,Owner,2.028067700987306,2.1101632047477743,2.6252063841496973,1,1,1
2022,26,76460,tenure,Renter,1.1074985689753865,0.5928666568003552,NA,1,1,NA
2022,26,80700,tenure,All,2.035363739919466,2.2368218387274275,NA,2,2,NA
2022,26,80700,tenure,Owner,2.9523300490795283,3.586194556348541,NA,2,2,NA
2022,26,80700,tenure,Renter,1.1706733874307733,NA,NA,2,NA,NA
2022,26,84000,tenure,All,1.558725683159713,1.4742356705875592,1.3036080128098617,1,1,1
2022,26,84000,tenure,Owner,1.8821100473245906,2.2314732367799657,2.514520533818258,1,1,1
2022,26,84000,tenure,Renter,1.2115288203241155,0.759934169589301,0.1704874835309618,1,1,1
2022,26,86000,tenure,All,1.6076951550684213,1.6034701451961937,1.233079342153586,2,2,2
2022,26,86000,tenure,Owner,1.7927021049465717,2.154742402660479,NA,2,2,NA
2022,26,86000,tenure,Renter,1.413185085769921,1.083222585049836,NA,2,2,NA
2022,26,88940,tenure,All,1.80676416302166,2.1413883129847195,NA,2,2,NA
2022,26,88940,tenure,Owner,2.3507402476152826,NA,NA,2,NA,NA
2022,26,88940,tenure,Renter,1.2310001755423199,NA,NA,2,NA,NA
2022,27,06616,tenure,All,1.658136620012534,1.5627519032691448,1.4271459349132554,2,2,2
2022,27,06616,tenure,Owner,2.246549370544517,2.1161048689138573,NA,2,2,NA
2022,27,06616,tenure,Renter,1.1587281153450053,1.0439914163090127,NA,2,2,NA
2022,27,07966,tenure,All,1.5256978242653325,1.5413978812807005,NA,2,2,NA
2022,27,07966,tenure,Owner,1.827045696068013,2.0815356489945156,NA,2,2,NA
2022,27,07966,tenure,Renter,NA,NA,NA,NA,NA,NA
2022,27,17000,tenure,All,1.3865175646090178,1.3225304625783465,0.9864460386661317,1,1,1
2022,27,17000,tenure,Owner,1.7750784314119448,2.094523550961369,NA,1,1,NA
2022,27,17000,tenure,Renter,1.0727341529404948,0.8261445619650825,0.4294371617683489,1,1,1
2022,27,43000,tenure,All,1.4137156132250885,1.2056738020461275,0.7660880443707676,1,1,1
2022,27,43000,tenure,Owner,1.7668451638372562,1.8672846968688468,1.9734378981131944,1,1,1
2022,27,43000,tenure,Renter,1.2396073968349341,0.9763017414647104,0.4568271796106955,1,1,1
2022,27,51730,tenure,All,1.686072312812245,1.5995804750471962,NA,2,2,NA
2022,27,51730,tenure,Owner,1.8958396828224513,NA,NA,2,NA,NA
2022,27,51730,tenure,Renter,NA,NA,NA,NA,NA,NA
2022,27,54880,tenure,All,1.5989730207372275,1.9173068664408075,2.0468052786480584,2,2,2
2022,27,54880,tenure,Owner,2.0391052286151825,3.048568155784651,NA,2,2,NA
2022,27,54880,tenure,Renter,1.1253471429877995,1.0740983070254353,NA,2,2,NA
2022,27,58000,tenure,All,1.4031068918752312,1.3712082820531384,0.8638913205589599,1,1,1
2022,27,58000,tenure,Owner,1.7920921707253208,1.9001095163986397,2.523171832681312,1,1,1
2022,27,58000,tenure,Renter,1.168044622018276,1.1139223808141836,0.38434516675620944,1,1,1
2022,27,71428,tenure,All,2.4179673168812683,1.857098714600538,NA,2,2,NA
2022,27,71428,tenure,Owner,2.9662421711539695,NA,NA,2,NA,NA
2022,27,71428,tenure,Renter,NA,NA,NA,NA,NA,NA
2022,28,36000,tenure,All,1.414524961378276,1.1669043974485398,1.0720060136787783,1,1,1
2022,28,36000,tenure,Owner,1.6247699526824613,1.9416414406763203,2.381786609753832,1,1,1
2022,28,36000,tenure,Renter,1.271178760127373,0.6184552124402513,0.32652575091253483,1,1,1
2022,29,15670,tenure,All,1.5356601385944113,1.70942657288691,1.058433137904546,1,1,1
2022,29,15670,tenure,Owner,2.0855233249304725,3.0792780834834805,NA,1,1,NA
2022,29,15670,tenure,Renter,1.2698222987303356,1.2395747114153641,0.4175743888064896,1,1,1
2022,29,35000,tenure,All,1.5963851132816205,1.8218655118454425,1.4384064021293597,2,2,2
2022,29,35000,tenure,Owner,1.7623833281440109,2.296575937090778,2.031868631894392,2,2,2
2022,29,35000,tenure,Renter,1.3767503313843312,1.2814600518066848,0.6042831490345326,2,2,2
2022,29,38000,tenure,All,1.5242114534821367,1.4384968849285777,1.143692181050325,1,1,1
2022,29,38000,tenure,Owner,1.7815228997639436,2.0459458823646246,2.519518489405176,1,1,1
2022,29,38000,tenure,Renter,1.3364252993019965,1.0081365021124364,0.3899201527681686,1,1,1
2022,29,41348,tenure,All,1.9137233436948344,1.842731613088291,1.9384077141782783,1,1,1
2022,29,41348,tenure,Owner,2.1839522395683733,2.245305877829308,NA,1,1,NA
2022,29,41348,tenure,Renter,1.5399654468980049,1.2143730752725073,NA,1,1,NA
2022,29,54074,tenure,All,2.056344797308375,1.925600977687012,NA,2,2,NA
2022,29,54074,tenure,Owner,2.461189330423914,2.675211853743271,NA,2,2,NA
2022,29,54074,tenure,Renter,NA,NA,NA,NA,NA,NA
2022,29,65000,tenure,All,1.4281228086222142,1.52124265823917,1.0718457943925233,1,1,1
2022,29,65000,tenure,Owner,1.7796270242763492,2.0573888805933005,2.055930479800314,1,1,1
2022,29,65000,tenure,Renter,1.2474380673949839,1.2356195867293738,0.6326517128604935,1,1,1
2022,29,70000,tenure,All,1.5493952954429375,1.3824725183707753,1.155565539861484,2,2,2
2022,29,70000,tenure,Owner,2.022377441825673,2.450034615114037,2.4705942814556887,2,2,2
2022,29,70000,tenure,Renter,1.273665276746209,0.8666912766124866,0.5077410910318254,2,2,2
2022,30,06550,tenure,All,1.6548866025391364,1.6177903485058363,1.5142288246928215,1,1,1
2022,30,06550,tenure,Owner,1.8789089259517298,2.3023441791646198,NA,1,1,NA
2022,30,06550,tenure,Renter,1.386778739775927,0.9275067051706047,NA,1,1,NA
2022,31,28000,tenure,All,1.5713710700553076,1.487632098771937,1.2505000908573982,1,1,1
2022,31,28000,tenure,Owner,1.9411872936909187,2.2451391289199703,2.3561959977007874,1,1,1
2022,31,28000,tenure,Renter,1.3176836665193137,1.0978301933022947,0.65799092788763,1,1,1
2022,31,37000,tenure,All,1.5471991820027293,1.3834191987230526,0.8127850559829645,1,1,1
2022,31,37000,tenure,Owner,2.0281748603294716,2.178623220287836,1.8150861639310634,1,1,1
2022,31,37000,tenure,Renter,1.2345681729734859,0.9689506728953698,0.3493762265612438,1,1,1
2022,32,31900,tenure,All,1.264817319521729,1.0105074050336404,1.0149555018751106,1,1,1
2022,32,31900,tenure,Owner,1.655986664836554,1.6778845426540694,1.8747484866585378,1,1,1
2022,32,31900,tenure,Renter,0.8543938605840177,0.2854622009623482,0.1183621311342302,1,1,1
2022,32,40000,tenure,All,1.3197395423533118,1.0390111746037203,1.0639516715585493,1,1,1
2022,32,40000,tenure,Owner,1.7437495914591028,1.9679395039529521,2.3414692395280663,1,1,1
2022,32,40000,tenure,Renter,1.0094136396763875,0.44634843475136265,0.2665790399246211,1,1,1
2022,32,51800,tenure,All,1.274936708259369,1.0535433448575957,0.9633816536119605,1,1,1
2022,32,51800,tenure,Owner,1.6102249677319296,1.7097833874316943,1.8878838467662427,1,1,1
2022,32,51800,tenure,Renter,0.9038396918573506,0.45774078208025293,0.20320763914141085,1,1,1
2022,32,60600,tenure,All,1.4380282066796168,1.1345280364751356,1.1271648234440415,1,1,1
2022,32,60600,tenure,Owner,1.8856146097754731,2.367680449189673,2.870999243193782,1,1,1
2022,32,60600,tenure,Renter,1.1984089466470755,0.5600496163403814,0.2804168646076287,1,1,1
2022,32,68400,tenure,All,1.5733183545423142,1.4005985828926528,1.4625048497595519,2,2,2
2022,32,68400,tenure,Owner,1.7873864681149276,1.8932815958066547,2.3071620083074187,2,2,2
2022,32,68400,tenure,Renter,1.3331862552820026,0.6910897235662703,NA,2,2,NA
2022,33,45140,tenure,All,1.4839398104608261,1.3619281045751634,0.9211838006230529,1,1,1
2022,33,45140,tenure,Owner,1.7228505747126437,2.017777777777778,NA,1,1,NA
2022,33,45140,tenure,Renter,1.3290203327171903,1.0414386239249414,0.47053140096618357,1,1,1
2022,33,50260,tenure,All,1.4406137047338332,1.2793298586522726,0.9661321744342873,1,1,1
2022,33,50260,tenure,Owner,1.7747026532479413,2.123314829500397,NA,1,1,NA
2022,33,50260,tenure,Renter,1.1915070478047498,0.7718119529586699,NA,1,1,NA
2022,34,13690,tenure,All,1.271289290174761,1.0779636430561808,0.5403419477602646,2,2,2
2022,34,13690,tenure,Owner,1.2549893838177066,1.358247742775521,NA,2,2,NA
2022,34,13690,tenure,Renter,1.2790815029263922,0.9636139756372795,0.38151977508790796,2,2,2
2022,34,21000,tenure,All,1.245768342455785,1.0322179732313574,0.4939922919972795,1,1,1
2022,34,21000,tenure,Owner,1.5730924649393867,NA,NA,1,NA,NA
2022,34,21000,tenure,Renter,1.1955109489051094,0.9623843554373719,0.32344489519945907,1,1,1
2022,34,36000,tenure,All,1.1958554305508722,0.8656267920633101,0.5001432254368375,1,1,1
2022,34,36000,tenure,Owner,1.3044567867786507,1.1259487666034156,0.7237380627557981,1,1,1
2022,34,36000,tenure,Renter,1.1640912872934743,0.7687626197992208,0.406884827879303,1,1,1
2022,34,51000,tenure,All,1.1570217651513302,0.9577273254946185,0.611200766554037,1,1,1
2022,34,51000,tenure,Owner,1.2109336676295852,1.2794981006101072,0.7559350270720533,1,1,1
2022,34,51000,tenure,Renter,1.1414516662206622,0.869545842052236,0.5408824879504246,1,1,1
2022,34,57000,tenure,All,1.1974039291882557,0.8690797336520403,0.5088227406811477,1,1,1
2022,34,57000,tenure,Owner,1.2028813307589485,1.0637289741767353,NA,1,1,NA
2022,34,57000,tenure,Renter,1.196187712297596,0.8161905521864028,0.4315443592552026,1,1,1
2022,34,74000,tenure,All,1.3939051281961932,1.1654812035630508,0.7952932169465367,2,2,2
2022,34,74000,tenure,Owner,1.6636100930122062,1.273589615576635,NA,2,2,NA
2022,34,74000,tenure,Renter,1.210037367223535,1.0778106127335667,0.619451731852022,2,2,2
2022,35,02000,tenure,All,1.5234247200707451,1.258572041382594,1.0945996505890176,1,1,1
2022,35,02000,tenure,Owner,1.9148907727054938,1.9399535633290363,2.036698243925192,1,1,1
2022,35,02000,tenure,Renter,1.1602450840695353,0.7023498250652828,0.36100695601759747,1,1,1
2022,35,39380,tenure,All,1.5154611294638034,1.1914683282517677,1.129869727026772,1,1,1
2022,35,39380,tenure,Owner,2.159042113183189,2.2448913620222433,2.3884016827141794,1,1,1
2022,35,39380,tenure,Renter,1.1347636582045642,0.6745456836848747,0.5728612775635347,1,1,1
2022,35,63460,tenure,All,1.7980314591527982,1.9543251399027508,2.2138201905220973,2,2,2
2022,35,63460,tenure,Owner,2.033969256741649,2.455635085895094,2.8157215183688677,2,2,2
2022,35,63460,tenure,Renter,1.0965604802999238,NA,NA,2,NA,NA
2022,35,70500,tenure,All,1.641106366697117,1.5806493382100542,1.462134291082403,2,2,2
2022,35,70500,tenure,Owner,2.227739015146363,2.5993839721927636,2.860416173696607,2,2,2
2022,35,70500,tenure,Renter,1.0850154574385271,0.6364529430355077,0.34225776779580164,2,2,2
2022,36,01000,tenure,All,1.3700754898947092,1.2549961806316374,0.8007845039673076,1,1,1
2022,36,01000,tenure,Owner,2.0676083209400646,2.2209452318130065,NA,1,1,NA
2022,36,01000,tenure,Renter,1.1825965318059328,1.0671611908110161,0.5596482725195596,1,1,1
2022,36,11000,tenure,All,1.372545696646895,1.3356283149734802,0.9291053402173075,1,1,1
2022,36,11000,tenure,Owner,1.5299432371611863,1.8236117089969865,1.821084503165428,1,1,1
2022,36,11000,tenure,Renter,1.2838541173798663,1.065482107355865,0.5180151255707762,1,1,1
2022,36,50617,tenure,All,1.442490918967491,1.210770628140443,0.892859249381323,2,2,2
2022,36,50617,tenure,Owner,1.6115382606879265,NA,NA,2,NA,NA
2022,36,50617,tenure,Renter,1.3455057862926583,0.897100411838533,NA,2,2,NA
2022,36,51000,tenure,All,1.1951730126554285,1.0114873160749667,0.7072177244399823,1,1,1
2022,36,51000,tenure,Owner,1.3076058536585367,1.4644933086293417,1.310672874113417,1,1,1
2022,36,51000,tenure,Renter,1.1600346859512751,0.8446595916847597,0.5034015537786363,1,1,1
2022,36,63000,tenure,All,1.3712434364366044,1.1803152240739596,0.6838058811533722,1,1,1
2022,36,63000,tenure,Owner,1.767314130601947,1.7765721337856375,1.4186892153924902,1,1,1
2022,36,63000,tenure,Renter,1.1964470024469716,0.9343838036423537,0.44572086688628965,1,1,1
2022,36,73000,tenure,All,1.3792720135977956,1.3492974441151426,0.8653631417732344,1,1,1
2022,36,73000,tenure,Owner,1.6482226961209072,1.940914466943144,1.9184876950027303,1,1,1
2022,36,73000,tenure,Renter,1.2358396380218701,1.105481509825095,0.5980096473454645,1,1,1
2022,36,84000,tenure,All,1.1511464768087112,1.069983973135923,0.8527260355532874,1,1,1
2022,36,84000,tenure,Owner,1.5292128753043008,1.5317845289762573,2.1246434057493966,1,1,1
2022,36,84000,tenure,Renter,0.9815573148906482,0.8592786123811598,0.5269293664609379,1,1,1
2022,37,02140,tenure,All,1.7551652436801781,1.492057565205308,1.5328200475178186,2,2,2
2022,37,02140,tenure,Owner,2.055110210960466,2.3372407752623867,NA,2,2,NA
2022,37,02140,tenure,Renter,1.4972391177836673,0.7675065610408084,0.5894721680217788,2,2,2
2022,37,10740,tenure,All,2.144231418791897,1.731642902558478,1.6963497051736798,2,2,2
2022,37,10740,tenure,Owner,2.5353338916119594,2.8126831898187636,2.90960703308179,2,2,2
2022,37,10740,tenure,Renter,1.7876849848267866,0.8022125990260197,0.2038926810569959,2,2,2
2022,37,12000,tenure,All,1.4950541012446816,1.1174516388897806,0.90170060971278,1,1,1
2022,37,12000,tenure,Owner,1.9554089729954545,2.086923757151926,2.0417336290309285,1,1,1
2022,37,12000,tenure,Renter,1.2438704172536832,0.5889939420304522,0.24551146613612018,1,1,1
2022,37,14100,tenure,All,1.6038373273889026,1.5789997574479726,1.7788276147031088,2,2,2
2022,37,14100,tenure,Owner,1.9643582790138434,2.212714182844364,2.914283772955925,2,2,2
2022,37,14100,tenure,Renter,1.2018807816012085,0.8885667455781923,NA,2,2,NA
2022,37,19000,tenure,All,1.8006787615723325,1.4063785447334172,1.2162631042773926,1,1,1
2022,37,19000,tenure,Owner,2.45484730644901,2.5750637995882024,2.9021785546801135,1,1,1
2022,37,19000,tenure,Renter,1.4395293013607606,0.7770330502636666,0.31907460552117534,1,1,1
2022,37,22920,tenure,All,1.4374473069715912,1.1721859486204014,1.0917507097712986,1,1,1
2022,37,22920,tenure,Owner,1.9421926140333299,2.1294284305773328,2.4414728519006834,1,1,1
2022,37,22920,tenure,Renter,1.129584546655946,0.4960432690123619,0.2852876361856342,1,1,1
2022,37,25580,tenure,All,1.5816702946231125,1.543085905685198,1.3783397884214894,2,2,2
2022,37,25580,tenure,Owner,1.9252430537909806,1.940366663492209,2.6124305813741917,2,2,2
2022,37,25580,tenure,Renter,1.2897464318138128,1.1172946547900815,0.4750358953597786,2,2,2
2022,37,28000,tenure,All,1.5554262373851928,1.2730803792555159,1.0663402344719135,1,1,1
2022,37,28000,tenure,Owner,2.025318313990401,2.2951993202882015,2.1334283258824946,1,1,1
2022,37,28000,tenure,Renter,1.2708695237531666,0.6863143829265421,0.45139661187496766,1,1,1
2022,37,28080,tenure,All,1.5585712918348953,1.502924452399368,1.1271883264779703,2,2,2
2022,37,28080,tenure,Owner,2.0889880167889645,3.0973333333333333,NA,2,2,NA
2022,37,28080,tenure,Renter,1.2720202748241634,0.9373479108076289,0.48068648907559375,2,2,2
2022,37,31400,tenure,All,1.834011724112014,1.7010864455135526,1.6738389011883068,2,2,2
2022,37,31400,tenure,Owner,2.2020969760055427,2.238641792382938,2.971973641511996,2,2,2
2022,37,31400,tenure,Renter,1.4392542155095849,1.0256330886684648,0.4921986264891546,2,2,2
2022,37,55000,tenure,All,1.820696613988738,1.3511558057117516,1.0228232641497073,1,1,1
2022,37,55000,tenure,Owner,2.0384630116342097,2.274866999651336,2.8073642846108564,1,1,1
2022,37,55000,tenure,Renter,1.7006073716041321,0.9248630410307445,0.29478903330160705,1,1,1
2022,37,74440,tenure,All,1.4032099001254357,1.1294118110716167,1.14581031959757,2,2,2
2022,37,74440,tenure,Owner,1.7933016950571286,1.9121793069984516,2.196407410721767,2,2,2
2022,37,74440,tenure,Renter,1.1310629475893448,0.5665229416720949,0.365560629952823,2,2,2
2022,37,75000,tenure,All,1.503412237482833,1.301335986220898,1.1044438952811784,1,1,1
2022,37,75000,tenure,Owner,1.829862054247598,2.0331026463406356,2.0886573607959282,1,1,1
2022,37,75000,tenure,Renter,1.261997362876622,0.7942587187891768,0.45939675556226667,1,1,1
2022,38,25700,tenure,All,1.5144034163109787,1.8104207937645813,1.2120216866099842,2,2,2
2022,38,25700,tenure,Owner,2.0049719765234166,2.6213370922225625,NA,2,2,NA
2022,38,25700,tenure,Renter,1.2561574684956325,1.4846007439086728,0.7505392639632265,2,2,2
2022,39,01000,tenure,All,1.466905061304652,1.6282158160137326,1.1390936751305056,1,1,1
2022,39,01000,tenure,Owner,1.6272447487085118,2.531033116849956,2.384366831858544,1,1,1
2022,39,01000,tenure,Renter,1.3397881620841627,1.0810552080198461,0.47598166381802137,1,1,1
2022,39,15000,tenure,All,1.3566951713751119,1.268403794399318,0.8666810514780899,1,1,1
2022,39,15000,tenure,Owner,1.8219004179158105,2.1064969519298438,2.194044725366856,1,1,1
2022,39,15000,tenure,Renter,1.1773711032299559,1.013743721842508,0.5714351846097655,1,1,1
2022,39,16000,tenure,All,1.27113845114384,1.2253555405315493,0.9121478021000531,1,1,1
2022,39,16000,tenure,Owner,1.4904680329958677,1.6872325407405726,1.760789559692944,1,1,1
2022,39,16000,tenure,Renter,1.1620631562980623,0.9674131760419791,0.539435248961344,1,1,1
2022,39,18000,tenure,All,1.5428363103743137,1.33184257218143,0.819926251049763,2,2,2
2022,39,18000,tenure,Owner,1.987469623349619,2.1691079770646398,2.068064807285489,2,2,2
2022,39,18000,tenure,Renter,1.313978034202147,0.944531921549778,0.3226811243633456,2,2,2
2022,39,21000,tenure,All,1.5355977336866218,1.646394430837955,1.3245196075413517,1,1,1
2022,39,21000,tenure,Owner,1.8675525536299922,2.4078083348798667,2.1813868206780045,1,1,1
2022,39,21000,tenure,Renter,1.2866564509306435,1.1730259652134714,0.7997182660702977,1,1,1
2022,39,61000,tenure,All,1.7649525126450694,2.1965857798136748,1.9979705195596404,2,2,2
2022,39,61000,tenure,Owner,2.1342799922497133,2.8457429615646386,2.985690188697438,2,2,2
2022,39,61000,tenure,Renter,1.2601120293653376,1.3252138610990285,NA,2,2,NA
2022,39,77000,tenure,All,1.529810953632777,1.5346565550916274,1.1645126455367498,1,1,1
2022,39,77000,tenure,Owner,1.7466787960576342,2.031481465503828,1.939681932132422,1,1,1
2022,39,77000,tenure,Renter,1.3296552725523652,1.1072648395341977,0.5791272695041012,1,1,1
2022,40,09050,tenure,All,2.055979197037217,2.027425644881504,1.5511932840449982,2,2,2
2022,40,09050,tenure,Owner,2.3547444297995117,2.9316806903616923,NA,2,2,NA
2022,40,09050,tenure,Renter,1.7062324253770456,1.0686261884041033,NA,2,2,NA
2022,40,23200,tenure,All,1.7554650468578885,1.2690540029646944,0.9091112682374703,2,2,2
2022,40,23200,tenure,Owner,2.305973918900608,NA,NA,2,NA,NA
2022,40,23200,tenure,Renter,1.372707805351792,NA,NA,2,NA,NA
2022,40,41850,tenure,All,1.673691647500329,1.601894918516252,1.3156683438735126,2,2,2
2022,40,41850,tenure,Owner,2.090706207382257,2.2772644447603416,1.9892086162381508,2,2,2
2022,40,41850,tenure,Renter,1.3739978423597947,0.9683734171013777,0.5979599015124869,2,2,2
2022,40,52500,tenure,All,1.5590960313511004,1.4113531837185431,1.0773387799632148,1,1,1
2022,40,52500,tenure,Owner,2.2522285941142304,2.146864927772413,2.021930920110613,1,1,1
2022,40,52500,tenure,Renter,1.1886708235906005,0.9894379370547625,0.46637223958712365,1,1,1
2022,40,55000,tenure,All,1.5743036856263761,1.471854108897483,1.2267168960801762,2,2,2
2022,40,55000,tenure,Owner,1.882598364687668,2.3150340621062635,2.694015596833901,2,2,2
2022,40,55000,tenure,Renter,1.3347187067950899,0.9130601786648592,0.41258531318447006,2,2,2
2022,40,75000,tenure,All,1.613320168154377,1.578298791455972,1.2128072896292443,2,2,2
2022,40,75000,tenure,Owner,1.900870829055293,2.183778504749517,2.2911561751178366,2,2,2
2022,40,75000,tenure,Renter,1.4002543003838621,1.158146648196268,0.5199886987328084,2,2,2
2022,41,05350,tenure,All,1.4870254037877886,1.0215691647018041,0.8856839086403867,2,2,2
2022,41,05350,tenure,Owner,1.7424917873475168,1.9487566990932412,NA,2,2,NA
2022,41,05350,tenure,Renter,1.3156429317287106,0.3872778608637916,NA,2,2,NA
2022,41,05800,tenure,All,1.2558190148732578,1.4802399366678178,1.7689034869435003,1,1,1
2022,41,05800,tenure,Owner,1.6596905308542207,2.4415472474267856,NA,1,1,NA
2022,41,05800,tenure,Renter,0.9027471340871513,0.6372909339233823,NA,1,1,NA
2022,41,23850,tenure,All,1.3278933088007179,1.0517652880824744,0.8068905804763209,2,2,2
2022,41,23850,tenure,Owner,1.5774505541484516,1.704477684664408,1.7203944170248742,2,2,2
2022,41,23850,tenure,Renter,1.1751257871258038,0.6584041307005178,0.30248445078646496,2,2,2
2022,41,31250,tenure,All,1.4087741753088903,1.1050652843767093,0.8161329656302649,2,2,2
2022,41,31250,tenure,Owner,1.5166124258937053,1.755237511454562,NA,2,2,NA
2022,41,31250,tenure,Renter,1.312745600710034,0.6452757697596989,0.19780949115562818,2,2,2
2022,41,34100,tenure,All,1.74518073585912,1.16327219760444,1.084071141777093,1,1,1
2022,41,34100,tenure,Owner,2.5431263798357855,NA,NA,1,NA,NA
2022,41,34100,tenure,Renter,1.3867638007829504,0.47974063824777635,NA,1,1,NA
2022,41,47000,tenure,All,1.3487440377479119,1.0776396850211392,0.8685645676953588,2,2,2
2022,41,47000,tenure,Owner,1.6872497429589641,2.115801626868295,NA,2,2,NA
2022,41,47000,tenure,Renter,1.1231156053692877,0.5164827139584013,0.21289509319764804,2,2,2
2022,41,59000,tenure,All,1.3971749106741973,0.9889815360515487,0.6331285293884373,1,1,1
2022,41,59000,tenure,Owner,1.5880038371660798,1.5898492319988267,1.3114174456239738,1,1,1
2022,41,59000,tenure,Renter,1.2909059158020748,0.6807703570836987,0.292182042508508,1,1,1
2022,41,64900,tenure,All,1.3768892646566608,1.1444353430475922,1.0056919191410383,2,2,2
2022,41,64900,tenure,Owner,1.6421298196982301,2.199563062382481,1.7850249492051053,2,2,2
2022,41,64900,tenure,Renter,1.1821650006846818,0.4348258677494488,0.33801043978106277,2,2,2
2022,42,02000,tenure,All,1.302057327054957,1.133418721314975,0.9193846153846154,1,1,1
2022,42,02000,tenure,Owner,1.9539208718313197,2.2820080151866695,NA,1,1,NA
2022,42,02000,tenure,Renter,1.0648678936252747,0.6885046795741945,0.36855036855036855,1,1,1
2022,42,06088,tenure,All,1.4984458118591262,1.144999472960796,0.8841815116123914,2,2,2
2022,42,06088,tenure,Owner,1.8748674301469332,1.87874496898582,NA,2,2,NA
2022,42,06088,tenure,Renter,1.2009803848376301,0.6438802726688726,NA,2,2,NA
2022,42,24000,tenure,All,1.5352156406876993,1.679950187640547,1.3426991365930758,2,2,2
2022,42,24000,tenure,Owner,1.764183530802145,2.3272666894817857,2.2195809479788204,2,2,2
2022,42,24000,tenure,Renter,1.300218195141862,1.0699884911729156,0.6425140942919124,2,2,2
2022,42,60000,tenure,All,1.3678457155380233,1.1894076457856062,0.8856117360389507,1,1,1
2022,42,60000,tenure,Owner,1.497719473097638,1.5667189724813297,1.4925778378506556,1,1,1
2022,42,60000,tenure,Renter,1.2631314350860388,0.8646693843140681,0.4267232190768824,1,1,1
2022,42,61000,tenure,All,1.506823784740035,1.4820004730284697,1.076655799097299,1,1,1
2022,42,61000,tenure,Owner,1.940786091773783,2.3525298850329888,2.3247355957290994,1,1,1
2022,42,61000,tenure,Renter,1.2455839249286647,0.9757908873020407,0.49357881138486837,1,1,1
2022,42,63624,tenure,All,1.4596001849306999,1.478883085432394,0.9151995315596405,2,2,2
2022,42,63624,tenure,Owner,1.7216605163883685,2.393038689995357,NA,2,2,NA
2022,42,63624,tenure,Renter,1.268614318943425,1.003454602166746,0.3116770126012674,2,2,2
2022,42,69000,tenure,All,1.641655957432551,1.470582488930125,1.2266927398092036,2,2,2
2022,42,69000,tenure,Owner,2.041157127932591,2.1788218425016943,NA,2,2,NA
2022,42,69000,tenure,Renter,1.3882363377213967,0.9395505059757147,0.5036712328767123,2,2,2
2022,44,19180,tenure,All,1.5283796728216568,1.3648418830730737,0.9753110610365435,2,2,2
2022,44,19180,tenure,Owner,1.8271034887129876,1.9889212827988338,NA,2,2,NA
2022,44,19180,tenure,Renter,1.2900713208353787,0.8149230900333614,NA,2,2,NA
2022,44,54640,tenure,All,1.4067195925263314,1.143120192680871,0.8356044581026699,2,2,2
2022,44,54640,tenure,Owner,1.8031218876477317,1.7319116973666933,NA,2,2,NA
2022,44,54640,tenure,Renter,1.2085184449656312,0.8529527163009081,0.5694196264006365,2,2,2
2022,44,59000,tenure,All,1.3151866689606018,0.9369179101893848,0.6364449746495675,1,1,1
2022,44,59000,tenure,Owner,1.6701822477219035,1.3386304909560724,NA,1,1,NA
2022,44,59000,tenure,Renter,1.1692734524015953,0.7423260653644232,0.5808217413704276,1,1,1
2022,44,74300,tenure,All,1.4845909972732152,1.3739100616961601,0.8759771253587793,2,2,2
2022,44,74300,tenure,Owner,1.674274809275892,1.7883172936871896,NA,2,2,NA
2022,44,74300,tenure,Renter,1.1885052185591616,0.9033758784225,NA,2,2,NA
2022,45,13330,tenure,All,1.5013062770256902,1.2532978246783673,1.158490948281679,2,2,2
2022,45,13330,tenure,Owner,1.8751785827137288,2.0634498910597836,2.476447949616245,2,2,2
2022,45,13330,tenure,Renter,1.1792811273577202,0.5637321947755528,0.27308036317405743,2,2,2
2022,45,16000,tenure,All,1.4928552386090324,1.1803618173861665,0.9530995981253727,2,2,2
2022,45,16000,tenure,Owner,1.8491231804023103,2.2615095351668644,2.2999459239330546,2,2,2
2022,45,16000,tenure,Renter,1.2720857687643785,0.6269553615600769,0.2393329324370268,2,2,2
2022,45,48535,tenure,All,1.3301659563042931,1.4562709192534684,0.8880652311374586,1,1,1
2022,45,48535,tenure,Owner,1.4645652769830715,1.925135633074836,NA,1,1,NA
2022,45,48535,tenure,Renter,1.102475844175282,NA,NA,1,NA,NA
2022,45,50875,tenure,All,1.57077102105588,1.2739639376794656,1.2721923059962534,2,2,2
2022,45,50875,tenure,Owner,1.7436353774300073,1.8299056262216293,2.2073350000539476,2,2,2
2022,45,50875,tenure,Renter,1.4265276120466663,0.7761488516553412,0.37754913311466975,2,2,2
2022,46,59020,tenure,All,1.6138796863005036,1.9104120045490574,1.167295935328228,1,1,1
2022,46,59020,tenure,Owner,2.011819651526875,2.4386646032780437,NA,1,1,NA
2022,46,59020,tenure,Renter,1.2765945499424372,1.4833917172109825,0.3280350233510979,1,1,1
2022,47,14000,tenure,All,1.644196230614078,1.476968960042257,1.4840875866451675,2,2,2
2022,47,14000,tenure,Owner,2.102533461026689,2.2844228171680587,2.498056660066386,2,2,2
2022,47,14000,tenure,Renter,1.2741839471227188,0.6987599162487038,0.49691273079945636,2,2,2
2022,47,15160,tenure,All,1.3784162752467743,1.2999355019141625,1.169533359125245,1,1,1
2022,47,15160,tenure,Owner,1.7580394912361181,1.9334209576873498,2.326752512478037,1,1,1
2022,47,15160,tenure,Renter,1.0341224894816081,0.6083692722319757,0.20106885075594003,1,1,1
2022,47,27740,tenure,All,1.8375829131280248,1.9748356071518403,NA,2,2,NA
2022,47,27740,tenure,Owner,2.1708171439005195,2.7795757307827484,NA,2,2,NA
2022,47,27740,tenure,Renter,NA,NA,NA,NA,NA,NA
2022,47,40000,tenure,All,1.6084643466145672,1.3797752684206823,1.2447096228558152,2,2,2
2022,47,40000,tenure,Owner,2.182443479581982,2.3266682810675032,2.5312379822775437,2,2,2
2022,47,40000,tenure,Renter,1.2645326286730847,0.8173765557727668,0.4340774562863652,2,2,2
2022,47,48000,tenure,All,1.4115470291963863,1.1339234767079476,0.8650968076426878,1,1,1
2022,47,48000,tenure,Owner,1.776858795319429,2.0275354496642146,2.0313953152043154,1,1,1
2022,47,48000,tenure,Renter,1.2164516168345374,0.679343818171136,0.2992953765515446,1,1,1
2022,47,51560,tenure,All,1.4742704935029607,1.4819725961451045,1.8558850301898155,1,1,1
2022,47,51560,tenure,Owner,1.8154158081350757,2.608787827177425,NA,1,1,NA
2022,47,51560,tenure,Renter,1.2202815796195647,0.7822407664699121,0.630445523314712,1,1,1
2022,47,52006,tenure,All,1.3897231285131897,1.0632817552532832,1.0439162336195889,1,1,1
2022,47,52006,tenure,Owner,1.774850387093601,1.8887174181785322,2.5227255300494122,1,1,1
2022,47,52006,tenure,Renter,1.1475249242215693,0.5407357391721118,0.28250363048317223,1,1,1
2022,48,01000,tenure,All,1.6704455407387964,1.3034554059138017,1.0553471058929929,1,1,1
2022,48,01000,tenure,Owner,2.207942634414517,2.2759145525489823,2.1539946821920815,1,1,1
2022,48,01000,tenure,Renter,1.3023492302909254,0.5268759463112628,0.2297484700788845,1,1,1
2022,48,01924,tenure,All,1.6114003731963769,1.1385298687189704,NA,2,2,NA
2022,48,01924,tenure,Owner,2.1124070003788975,2.1004663291260197,NA,2,2,NA
2022,48,01924,tenure,Renter,NA,NA,NA,NA,NA,NA
2022,48,03000,tenure,All,1.60139434853274,1.3393781621725012,1.1334110383956337,1,1,1
2022,48,03000,tenure,Owner,1.8379673350596486,2.0053997609335745,2.2864881034587996,1,1,1
2022,48,03000,tenure,Renter,1.3795312993474893,0.8424522890492973,0.36879799740157726,1,1,1
2022,48,04000,tenure,All,1.434403049716361,1.0200641979570562,0.7735949928520561,2,2,2
2022,48,04000,tenure,Owner,1.7882611460232,1.9534604775143611,1.9162007337684654,2,2,2
2022,48,04000,tenure,Renter,1.2116692924564496,0.5218063828292525,0.09682103760021667,2,2,2
2022,48,05000,tenure,All,1.459563468638117,1.0308946782952473,0.6280607150488712,1,1,1
2022,48,05000,tenure,Owner,1.8328358232990603,1.8142954968095097,1.5025323263395993,1,1,1
2022,48,05000,tenure,Renter,1.304314966964409,0.708154990707197,0.21328251957104805,1,1,1
2022,48,06128,tenure,All,1.5529918458340821,1.404451539122842,1.1112997056369995,2,2,2
2022,48,06128,tenure,Owner,1.5788571904601485,1.8646710890554443,NA,2,2,NA
2022,48,06128,tenure,Renter,1.5262177050142878,0.8902684866031129,NA,2,2,NA
2022,48,07000,tenure,All,1.597248841995472,1.3136205443982256,1.0392133415723859,1,1,1
2022,48,07000,tenure,Owner,2.091078520812283,2.3171927477131034,2.219130199658262,1,1,1
2022,48,07000,tenure,Renter,1.288108976943312,0.7377623925471896,0.34669434354930534,1,1,1
2022,48,10768,tenure,All,1.4776273213462998,1.2907349870724967,1.187641616649477,1,1,1
2022,48,10768,tenure,Owner,1.7845519515783563,1.798143502254545,1.8200844567673167,1,1,1
2022,48,10768,tenure,Renter,1.2034284641863544,0.7930084726624079,0.5197304895929273,1,1,1
2022,48,10912,tenure,All,1.4402223752294594,1.073706712122463,0.729871138010298,2,2,2
2022,48,10912,tenure,Owner,2.0959198909870307,NA,NA,2,NA,NA
2022,48,10912,tenure,Renter,1.2211201893566406,0.6859558016163851,0.3337859036158905,2,2,2
2022,48,13024,tenure,All,1.7263529878676036,0.9947893515467022,0.5225735827952537,2,2,2
2022,48,13024,tenure,Owner,1.9973828157280238,2.416078934281313,NA,2,2,NA
2022,48,13024,tenure,Renter,1.627906787424822,0.5810378058588909,0.14370956222725115,2,2,2
2022,48,13552,tenure,All,1.8040718367035378,1.3642178620761118,0.996165735239438,3,3,3
2022,48,13552,tenure,Owner,2.3058256919043845,NA,NA,3,NA,NA
2022,48,13552,tenure,Renter,1.400219289439991,0.5387965724802324,NA,3,3,NA
2022,48,15976,tenure,All,1.341168627935807,1.0005784745758204,0.653054845045631,2,2,2
2022,48,15976,tenure,Owner,1.9587447834430016,2.3360815270023596,NA,2,2,NA
2022,48,15976,tenure,Renter,1.1527374052133004,0.6862680096276674,0.31800358964458375,2,2,2
2022,48,16432,tenure,All,1.6820898687926524,1.5467457775725724,1.3063641671346011,3,3,3
2022,48,16432,tenure,Owner,1.8725650914153467,2.201810097574314,NA,3,3,NA
2022,48,16432,tenure,Renter,1.4142997413982057,NA,NA,3,NA,NA
2022,48,17000,tenure,All,1.3623884355162434,1.1892803242307926,1.049018620426448,1,1,1
2022,48,17000,tenure,Owner,1.6689223195735352,1.8741869518791627,1.9888361431468164,1,1,1
2022,48,17000,tenure,Renter,1.137936158334589,0.6572735669947003,0.36875810071223825,1,1,1
2022,48,19000,tenure,All,1.407941690500271,1.0943900419003252,0.7523096025333837,1,1,1
2022,48,19000,tenure,Owner,1.5538579369702323,1.760344940346703,1.7753763988144702,1,1,1
2022,48,19000,tenure,Renter,1.3329494556257577,0.7542836742522722,0.256733714911521,1,1,1
2022,48,19972,tenure,All,1.4491396092486415,1.1831555143881927,0.6900772414188384,2,2,2
2022,48,19972,tenure,Owner,1.8993065375963698,2.113931541973298,NA,2,2,NA
2022,48,19972,tenure,Renter,1.2248916678096606,0.7544179402564594,0.1901454287021212,2,2,2
2022,48,22660,tenure,All,1.4880996288396289,1.2880034747136342,1.0945073856302883,2,2,2
2022,48,22660,tenure,Owner,1.6618268215417107,1.9058028616852145,1.899487367264738,2,2,2
2022,48,22660,tenure,Renter,1.3272395442746112,0.7074537383416866,0.4699434229137199,2,2,2
2022,48,24000,tenure,All,1.4232336069179865,1.2402112866369395,1.1326637244901248,1,1,1
2022,48,24000,tenure,Owner,1.615385373131237,1.943052034245258,1.917377657309877,1,1,1
2022,48,24000,tenure,Renter,1.2457098095332444,0.6437248461375563,0.44534584090448626,1,1,1
2022,48,26232,tenure,All,2.293250932664936,1.3761701287100279,NA,2,2,NA
2022,48,26232,tenure,Owner,2.5451437577168385,NA,NA,2,NA,NA
2022,48,26232,tenure,Renter,NA,NA,NA,NA,NA,NA
2022,48,27000,tenure,All,1.441139914102448,1.1859427487329677,0.9712919248051669,2,2,2
2022,48,27000,tenure,Owner,1.6307479457802576,1.9470058302297422,1.9605968279343848,2,2,2
2022,48,27000,tenure,Renter,1.279531184669517,0.5850631185125412,0.19989107280866403,2,2,2
2022,48,27684,tenure,All,1.6872176921901803,1.0905751123445777,0.5673044593321115,2,2,2
2022,48,27684,tenure,Owner,2.0214973827354674,1.9004488712324359,NA,2,2,NA
2022,48,27684,tenure,Renter,1.3946459384959522,0.2986900256224631,NA,2,2,NA
2022,48,29000,tenure,All,1.4273240481717973,1.1372842362275515,0.8075382775829434,2,2,2
2022,48,29000,tenure,Owner,1.7223079649635888,1.8174517972232087,1.446265266759151,2,2,2
2022,48,29000,tenure,Renter,1.187526132810327,0.5720417057608925,0.10360884041219638,2,2,2
2022,48,30464,tenure,All,1.6553764468862942,1.325825045706895,1.133388275043513,2,2,2
2022,48,30464,tenure,Owner,2.0091920416796443,2.488081129325929,2.8628105426722814,2,2,2
2022,48,30464,tenure,Renter,1.3852153382636696,0.6251213781499911,0.20947653674287364,2,2,2
2022,48,35000,tenure,All,1.4169916409318533,1.1748576403740087,0.7759008822991484,1,1,1
2022,48,35000,tenure,Owner,1.661174475408201,1.867591820446512,1.9289900841561856,1,1,1
2022,48,35000,tenure,Renter,1.2995797531943594,0.8256629630831487,0.18990304133392968,1,1,1
2022,48,37000,tenure,All,1.531180411725515,1.11775228813483,0.8301278207670053,1,1,1
2022,48,37000,tenure,Owner,1.8487271660310696,2.2404254627196525,2.5191095877450964,1,1,1
2022,48,37000,tenure,Renter,1.39430555363597,0.6270548979128312,0.1389751754869284,1,1,1
2022,48,39148,tenure,All,1.3788778246671052,1.043369950224916,0.7212516506891788,1,1,1
2022,48,39148,tenure,Owner,1.5563703565071059,1.6693441642925202,1.5380297320456173,1,1,1
2022,48,39148,tenure,Renter,1.2735885873974386,0.6806682057834493,0.23190191104814162,1,1,1
2022,48,41464,tenure,All,1.5555946336368858,1.2743230706903526,1.070616457489905,1,1,1
2022,48,41464,tenure,Owner,1.8342349593994964,1.7838119353144122,1.5545089264278713,1,1,1
2022,48,41464,tenure,Renter,1.2911807061028013,0.6422909650058616,0.4137915122820224,1,1,1
2022,48,41980,tenure,All,1.484561637188957,1.203693084546572,1.030541257474464,2,2,2
2022,48,41980,tenure,Owner,1.7256197004244553,1.7403584503803329,1.8215504594380818,2,2,2
2022,48,41980,tenure,Renter,1.1966556297853177,0.4665756294088308,NA,2,2,NA
2022,48,42508,tenure,All,1.4457334037276242,0.6923669691694568,0.4189942828889486,1,1,1
2022,48,42508,tenure,Owner,2.137108239139468,NA,NA,1,NA,NA
2022,48,42508,tenure,Renter,1.245311847466639,0.3013563406436691,0.07081362359774859,1,1,1
2022,48,43888,tenure,All,1.694535163708645,1.5228072905823107,1.204617744909798,2,2,2
2022,48,43888,tenure,Owner,2.151907250826124,2.737171559423129,2.70490007814489,2,2,2
2022,48,43888,tenure,Renter,1.3152195106367546,0.7173478457826108,0.3980717795659081,2,2,2
2022,48,45000,tenure,All,1.4291814777994427,1.1527927749772013,0.8318427381093336,1,1,1
2022,48,45000,tenure,Owner,1.7652024622978855,1.867582238595923,1.8355024686924095,1,1,1
2022,48,45000,tenure,Renter,1.2403427233322986,0.7363413162064896,0.29508446722621956,1,1,1
2022,48,45384,tenure,All,1.6743931656363882,1.2550384990827763,1.223159259610849,1,1,1
2022,48,45384,tenure,Owner,1.8318464607809122,1.8854216380412292,2.2248579011335585,1,1,1
2022,48,45384,tenure,Renter,1.528868051633434,0.7222852823397548,0.505576969004722,1,1,1
2022,48,45744,tenure,All,1.3200416356100935,0.8674732914566406,0.7667233093510695,1,1,1
2022,48,45744,tenure,Owner,1.98722315926716,1.877805820648928,NA,1,1,NA
2022,48,45744,tenure,Renter,0.9272897299794426,0.23501863161600164,0.03426316048361852,1,1,1
2022,48,47892,tenure,All,1.7586760732313502,1.5150875075398993,1.154591292463037,2,2,2
2022,48,47892,tenure,Owner,1.8083217530108775,2.2547632662651362,2.6646476164533532,2,2,2
2022,48,47892,tenure,Renter,1.7121747950105701,0.8995725311562793,0.1404066055431133,2,2,2
2022,48,48072,tenure,All,1.524028479274897,1.6682722218277803,1.3238157677961873,1,1,1
2022,48,48072,tenure,Owner,1.7528444407200263,2.348514255225108,2.74185062265899,1,1,1
2022,48,48072,tenure,Renter,1.3010636737895664,1.1566165690217203,NA,1,1,NA
2022,48,48768,tenure,All,1.7020166442279014,1.6586773253749822,1.5522124039978293,2,2,2
2022,48,48768,tenure,Owner,1.6711991991558728,1.8376970508544226,1.7193342269601168,2,2,2
2022,48,48768,tenure,Renter,1.765026439184502,NA,NA,2,NA,NA
2022,48,50820,tenure,All,1.6066646986395374,1.5566079726245763,1.521994159658097,2,2,2
2022,48,50820,tenure,Owner,1.9698847825991994,1.8972349662189198,1.837330563543312,2,2,2
2022,48,50820,tenure,Renter,1.0154778506787234,NA,NA,2,NA,NA
2022,48,53388,tenure,All,1.7093108834100006,1.5324285079141347,1.5111269443652109,2,2,2
2022,48,53388,tenure,Owner,1.9901116693121055,2.0116972366347006,2.435900449640559,2,2,2
2022,48,53388,tenure,Renter,1.4712864732799187,0.905412812509386,NA,2,2,NA
2022,48,56000,tenure,All,1.5352594292786397,1.4243679152704167,1.1307608247314878,1,1,1
2022,48,56000,tenure,Owner,1.6052852241304076,1.8743097412272804,2.455572232669008,1,1,1
2022,48,56000,tenure,Renter,1.4765012035344867,1.0069985850286245,0.3086666022709009,1,1,1
2022,48,56348,tenure,All,1.7099391615857134,1.7582260344505878,1.270533139926875,2,2,2
2022,48,56348,tenure,Owner,1.8437741689440472,2.111304882392413,1.8823782327180172,2,2,2
2022,48,56348,tenure,Renter,1.5500400312951472,1.2198636854801796,NA,2,2,NA
2022,48,57200,tenure,All,1.4916238379533209,1.604446424585876,1.4679660711062987,2,2,2
2022,48,57200,tenure,Owner,1.6403700148355005,2.265615041427661,2.153663438699068,2,2,2
2022,48,57200,tenure,Renter,1.323826787264908,0.7498518858114784,0.5689071135674808,2,2,2
2022,48,58016,tenure,All,1.6758886840577925,1.195666201414087,0.7745737572979323,1,1,1
2022,48,58016,tenure,Owner,2.2213535052331985,2.12212716724249,1.6386947790289998,1,1,1
2022,48,58016,tenure,Renter,1.375092450520236,0.5854648729362214,0.24778519563679605,1,1,1
2022,48,61796,tenure,All,1.3095296816638706,0.9057713991118399,0.5183235655862024,2,2,2
2022,48,61796,tenure,Owner,1.8715714778904469,2.066096448292294,NA,2,2,NA
2022,48,61796,tenure,Renter,1.1029146432657324,0.48890211749501294,0.11220652828796719,2,2,2
2022,48,63500,tenure,All,1.4910603083436027,1.1314262137184308,1.1429956313423992,2,2,2
2022,48,63500,tenure,Owner,1.7640104226443774,1.672198882020191,NA,2,2,NA
2022,48,63500,tenure,Renter,1.2912551258047475,0.6888051517979777,NA,2,2,NA
2022,48,64472,tenure,All,1.442666423657347,1.2916323516707187,1.3961719032141566,1,1,1
2022,48,64472,tenure,Owner,1.6676514696064806,2.098808578236696,2.567296996662959,1,1,1
2022,48,64472,tenure,Renter,1.2052728048165757,0.5700289865742976,0.34514964975589046,1,1,1
2022,48,65000,tenure,All,1.3916385741856,1.1690613134887167,0.9349345913188881,1,1,1
2022,48,65000,tenure,Owner,1.678957977967729,1.9434579864235766,1.9684181497702142,1,1,1
2022,48,65000,tenure,Renter,1.1971502932749174,0.6436627063890059,0.26356134292311156,1,1,1
2022,48,70808,tenure,All,1.4947345855584955,1.281131248095124,1.1341982124766183,2,2,2
2022,48,70808,tenure,Owner,2.033383963948112,2.6600762672937774,NA,2,2,NA
2022,48,70808,tenure,Renter,1.0670522715236963,0.36350178803905164,NA,2,2,NA
2022,48,72176,tenure,All,1.639598392246307,1.4910596141310857,1.3850703371976054,2,2,2
2022,48,72176,tenure,Owner,1.9045485581371744,2.474970274926597,2.5127107637481085,2,2,2
2022,48,72176,tenure,Renter,1.4380013844095316,0.676961463297791,0.3534325229425163,2,2,2
2022,48,74144,tenure,All,1.7018897966318556,1.609102525910019,1.1968796837742945,1,1,1
2022,48,74144,tenure,Owner,1.8154153011525824,2.5224601393240063,2.3201028336802705,1,1,1
2022,48,74144,tenure,Renter,1.6005899303191413,0.9633407971771148,0.4114110694416596,1,1,1
2022,48,76000,tenure,All,1.2848695494006834,1.0784973889942984,0.7730948705269752,1,1,1
2022,48,76000,tenure,Owner,1.4984265951344486,1.6368741835915872,1.3680419503929118,1,1,1
2022,48,76000,tenure,Renter,1.1434920482976172,0.7253837700198631,0.4125366482536735,1,1,1
2022,48,79000,tenure,All,1.650289412920145,1.3854831376132637,1.1056381069143197,1,1,1
2022,48,79000,tenure,Owner,1.9312048304822238,1.8982633863965268,1.5759182871734434,1,1,1
2022,48,79000,tenure,Renter,1.4196109045396546,0.9841436393390148,0.6740816321153916,1,1,1
2022,49,43660,tenure,All,1.7359838673217147,1.7654101163879021,NA,2,2,NA
2022,49,43660,tenure,Owner,2.0049112657203367,NA,NA,2,NA,NA
2022,49,43660,tenure,Renter,1.3278169045882309,NA,NA,2,NA,NA
2022,49,44320,tenure,All,2.2176091899975523,NA,NA,3,NA,NA
2022,49,44320,tenure,Owner,2.3925565660898886,NA,NA,3,NA,NA
2022,49,44320,tenure,Renter,NA,NA,NA,NA,NA,NA
2022,49,55980,tenure,All,1.670708779282614,1.8745782190573668,1.6316977365396952,2,2,2
2022,49,55980,tenure,Owner,1.924398438667713,2.4572144696769143,NA,2,2,NA
2022,49,55980,tenure,Renter,1.3466881459760744,1.3511374249821375,NA,2,2,NA
2022,49,57300,tenure,All,1.672024057278098,1.5859114176294897,2.1744559479682146,2,2,2
2022,49,57300,tenure,Owner,2.069287604397001,2.5170107136797384,NA,2,2,NA
2022,49,57300,tenure,Renter,1.3486663683999631,0.7348507781388759,NA,2,2,NA
2022,49,62470,tenure,All,1.348360753961138,1.323650492524123,0.9142376014527203,1,1,1
2022,49,62470,tenure,Owner,2.125089691461373,NA,NA,1,NA,NA
2022,49,62470,tenure,Renter,1.155733451767148,1.081001645229821,0.6423051546126949,1,1,1
2022,49,65330,tenure,All,1.5436067876193538,1.7611582261583802,2.3553626947312414,2,2,2
2022,49,65330,tenure,Owner,1.7849767688375502,2.378636992300413,NA,2,2,NA
2022,49,65330,tenure,Renter,1.0762431275649302,NA,NA,2,NA,NA
2022,49,67000,tenure,All,1.508880039873926,1.3569296463784826,1.070507067285308,1,1,1
2022,49,67000,tenure,Owner,1.8248740476536154,2.2563528026476667,2.7760920897569834,1,1,1
2022,49,67000,tenure,Renter,1.370095599612137,1.0059825041978652,0.4766637912573577,1,1,1
2022,49,67440,tenure,All,1.8510260325781898,1.45703012016374,2.186446770074317,2,2,2
2022,49,67440,tenure,Owner,2.3061166671474167,2.5120239299638136,NA,2,2,NA
2022,49,67440,tenure,Renter,1.3775746535948068,NA,NA,2,NA,NA
2022,49,70850,tenure,All,2.188235376235724,NA,NA,2,NA,NA
2022,49,70850,tenure,Owner,2.578088933940988,NA,NA,2,NA,NA
2022,49,70850,tenure,Renter,NA,NA,NA,NA,NA,NA
2022,49,82950,tenure,All,1.7463450876890776,1.5372227172264639,1.5942167306005546,1,1,1
2022,49,82950,tenure,Owner,2.009133058271147,2.5139102425777105,NA,1,1,NA
2022,49,82950,tenure,Renter,1.3425290321267789,NA,NA,1,NA,NA
2022,49,83470,tenure,All,1.606972854085732,1.4137985886120552,1.4796969405016887,1,1,1
2022,49,83470,tenure,Owner,1.8049700641881516,2.1817461588120834,NA,1,1,NA
2022,49,83470,tenure,Renter,1.3126693863041188,0.6337932074688524,NA,1,1,NA
2022,51,01000,tenure,All,1.4269042790171893,1.0945092106434102,0.5198889916743756,1,1,1
2022,51,01000,tenure,Owner,1.7739396589418452,1.643835616438356,1.5257815671944783,1,1,1
2022,51,01000,tenure,Renter,1.3243452791178498,0.9011422044545974,0.22142925111808925,1,1,1
2022,51,16000,tenure,All,1.4837636211120375,1.1643196744993067,0.8971251592274224,1,1,1
2022,51,16000,tenure,Owner,1.5701918436103426,1.5867367304084585,1.3335717187895944,1,1,1
2022,51,16000,tenure,Renter,1.3464040643754707,0.6240598419838824,0.26957573677187896,1,1,1
2022,51,35000,tenure,All,1.329768692209979,1.084957170765917,0.822930383636204,1,1,1
2022,51,35000,tenure,Owner,1.6410558721425297,1.531160335131413,1.623903248755039,1,1,1
2022,51,35000,tenure,Renter,1.0740421868273784,0.6598222222222222,0.22734875940897686,1,1,1
2022,51,47672,tenure,All,1.6775980729691051,1.5344494439881387,1.380851170282917,2,2,2
2022,51,47672,tenure,Owner,1.8649717253918168,2.192445815471597,2.389568082547909,2,2,2
2022,51,47672,tenure,Renter,1.5039810641009586,0.9439734711776708,0.5141623269401753,2,2,2
2022,51,56000,tenure,All,1.4354949258219285,1.2294980751071403,0.7859432649851812,1,1,1
2022,51,56000,tenure,Owner,1.8281116664634889,2.0414893617021277,1.7332167067570523,1,1,1
2022,51,56000,tenure,Renter,1.2120181799257537,0.887029079644249,0.3612040133779264,1,1,1
2022,51,57000,tenure,All,1.3389395978035565,1.0837265817061799,0.7452597648843383,1,1,1
2022,51,57000,tenure,Owner,1.7673272933182333,2.0123856927885173,1.6190099009900991,1,1,1
2022,51,57000,tenure,Renter,1.1363222454336066,0.7385794392523365,0.3948647638040633,1,1,1
2022,51,64000,tenure,All,1.2310857663821424,0.8805070692330451,0.664611132120114,1,1,1
2022,51,64000,tenure,Owner,1.289547979946946,1.2074074074074075,1.1946642550305222,1,1,1
2022,51,64000,tenure,Renter,1.1682475531553203,0.6018194805613675,0.2690681177848363,1,1,1
2022,51,67000,tenure,All,1.3828391049464306,1.076233774790802,0.51707693386633,1,1,1
2022,51,67000,tenure,Owner,1.7348157628112835,1.535475234270415,1.2276308877604623,1,1,1
2022,51,67000,tenure,Renter,1.2379488980595312,0.8906659674882014,0.2854825272942518,1,1,1
2022,51,68000,tenure,All,1.4779136393202,1.468027175598329,1.154231761495838,2,2,2
2022,51,68000,tenure,Owner,1.8110626428789338,2.1920554605660714,NA,2,2,NA
2022,51,68000,tenure,Renter,1.2355939045847086,1.0721041830886326,0.41256910096013966,2,2,2
2022,51,76432,tenure,All,1.4523989272074438,1.4884850728906105,1.269400190452822,2,2,2
2022,51,76432,tenure,Owner,1.6350052209694452,1.9328639324062666,1.797678736999641,2,2,2
2022,51,76432,tenure,Renter,1.115429534539901,0.72537241710716,NA,2,2,NA
2022,51,82000,tenure,All,1.374752777438652,1.0411276652689803,0.925604138042512,1,1,1
2022,51,82000,tenure,Owner,1.6558298518799848,1.8052946199829205,1.934666262748662,1,1,1
2022,51,82000,tenure,Renter,1.1130260521042084,0.42130268199233717,0.12706326214377148,1,1,1
2022,53,03180,tenure,All,1.5232941273110705,1.3180558349886027,1.1153282223106622,2,2,2
2022,53,03180,tenure,Owner,1.7611178473713773,1.9013501037849205,NA,2,2,NA
2022,53,03180,tenure,Renter,1.2818777921200528,0.814744418265249,NA,2,2,NA
2022,53,05210,tenure,All,1.6270664338287733,1.2137851095702972,0.6684771775499219,1,1,1
2022,53,05210,tenure,Owner,1.7781408464172046,1.9712233072597198,1.3695663677902357,1,1,1
2022,53,05210,tenure,Renter,1.5031155092669208,0.546313588881938,0.11866049709244564,1,1,1
2022,53,05280,tenure,All,1.3012335681315368,0.8654439702476411,0.5791276202664914,1,1,1
2022,53,05280,tenure,Owner,1.6722932067548908,1.760928131057979,NA,1,1,NA
2022,53,05280,tenure,Renter,1.1068496923554687,0.440118509338724,0.10368105973761306,1,1,1
2022,53,22640,tenure,All,1.4168503289270713,1.0400959890799049,0.9713500043481075,2,2,2
2022,53,22640,tenure,Owner,1.618733423870055,1.553301707064377,NA,2,2,NA
2022,53,22640,tenure,Renter,1.3037681895984947,0.7327381169335203,0.3859526548849704,2,2,2
2022,53,23515,tenure,All,1.3879579754761369,1.0238337352487634,0.8350713664427208,2,2,2
2022,53,23515,tenure,Owner,1.7802363754665487,1.5973024862973704,NA,2,2,NA
2022,53,23515,tenure,Renter,1.1180632817027654,0.6460762230502551,0.24022040867086145,2,2,2
2022,53,35275,tenure,All,1.6955552538110654,1.667094455852156,1.4982914871490118,2,2,2
2022,53,35275,tenure,Owner,2.311472661469426,NA,NA,2,NA,NA
2022,53,35275,tenure,Renter,1.2115804490926927,0.6736814757079761,NA,2,2,NA
2022,53,35415,tenure,All,1.4041531451597689,1.1779720206506863,0.9050091205425295,1,1,1
2022,53,35415,tenure,Owner,1.6249200795190506,1.8130859949934144,2.0444742844505797,1,1,1
2022,53,35415,tenure,Renter,1.2354686942450674,0.7397956543315866,0.2683995528407013,1,1,1
2022,53,35940,tenure,All,1.574610852391642,1.3089463752325894,1.2682360104536647,2,2,2
2022,53,35940,tenure,Owner,1.8423171507737728,NA,NA,2,NA,NA
2022,53,35940,tenure,Renter,1.3852093896326436,0.4946463634858805,NA,2,2,NA
2022,53,53545,tenure,All,2.042054715931162,2.1217340186530755,1.7335759405693256,2,2,2
2022,53,53545,tenure,Owner,2.354708223605074,2.6787849625106674,NA,2,2,NA
2022,53,53545,tenure,Renter,1.7082214948078098,NA,NA,2,NA,NA
2022,53,57745,tenure,All,1.5367504580704907,1.1460928069622194,1.0597111216739359,2,2,2
2022,53,57745,tenure,Owner,1.7153643981210602,1.6696094939835986,2.055109519907447,2,2,2
2022,53,57745,tenure,Renter,1.3831725217034232,0.7169572001391243,0.4348731375660252,2,2,2
2022,53,63000,tenure,All,1.4242802176466915,1.0484238820837395,0.6078112530338308,1,1,1
2022,53,63000,tenure,Owner,1.78980693523789,1.8922976920974566,1.6730254795763893,1,1,1
2022,53,63000,tenure,Renter,1.3021898214246028,0.7705718698440058,0.3005878180302862,1,1,1
2022,53,67000,tenure,All,1.4560836640549688,1.3858498980661784,1.1093151468556783,1,1,1
2022,53,67000,tenure,Owner,1.8094075810377643,2.2074610531833034,2.125769638040712,1,1,1
2022,53,67000,tenure,Renter,1.1867871315456044,0.8432104472813834,0.48177549551126453,1,1,1
2022,53,67167,tenure,All,1.5669279851834623,1.3628485523836122,1.1860441515181412,2,2,2
2022,53,67167,tenure,Owner,1.8777044676280021,2.031006874381026,NA,2,2,NA
2022,53,67167,tenure,Renter,1.3019862412885674,0.7529949774277395,0.44966790998053013,2,2,2
2022,53,70000,tenure,All,1.368455511930926,0.9564973448484974,0.7036916580771827,1,1,1
2022,53,70000,tenure,Owner,1.5851698663837681,1.5350615850344291,1.4488543422492077,1,1,1
2022,53,70000,tenure,Renter,1.2174266995566547,0.6077331435695021,0.3578840131186302,1,1,1
2022,53,74060,tenure,All,1.5186921785592669,1.1878694312006823,1.0369840271913993,1,1,1
2022,53,74060,tenure,Owner,1.8572723483032738,2.031007144647246,2.7818919804833446,1,1,1
2022,53,74060,tenure,Renter,1.2761097096267169,0.5641555757900969,0.18270742284173475,1,1,1
2022,53,80010,tenure,All,1.6260633242744442,1.3730761306081924,1.2109132802542144,2,2,2
2022,53,80010,tenure,Owner,2.0712196125230804,2.320049255260717,NA,2,2,NA
2022,53,80010,tenure,Renter,1.2942877274567657,0.6377872657358016,NA,2,2,NA
2022,55,02375,tenure,All,1.8304451488421816,2.263108837611739,2.030664317808286,3,3,3
2022,55,02375,tenure,Owner,1.9630977037660642,2.5107159194728284,NA,3,3,NA
2022,55,02375,tenure,Renter,1.6432328936838734,NA,NA,3,NA,NA
2022,55,31000,tenure,All,1.450001055869119,1.57949791053779,1.0902908962791846,1,1,1
2022,55,31000,tenure,Owner,1.7396665283650041,2.37886150376742,NA,1,1,NA
2022,55,31000,tenure,Renter,1.2184380645318815,1.1886757365148983,NA,1,1,NA
2022,55,39225,tenure,All,1.7509320209386485,1.470118421539927,1.1902542796879696,2,2,2
2022,55,39225,tenure,Owner,2.173263447779274,1.9427699273848527,NA,2,2,NA
2022,55,39225,tenure,Renter,1.323365638069202,NA,NA,2,NA,NA
2022,55,48000,tenure,All,1.4916342069986628,1.3806908990157751,0.6193266659187431,2,2,2
2022,55,48000,tenure,Owner,2.3621928120635616,2.960129848765497,NA,2,2,NA
2022,55,48000,tenure,Renter,1.2286168503907344,1.0684755651312237,0.25847092264215543,2,2,2
2022,55,53000,tenure,All,1.3977827601601152,1.3970084951478998,0.8086213547804092,1,1,1
2022,55,53000,tenure,Owner,1.7014863611315698,1.578919016869874,1.6362043784050109,1,1,1
2022,55,53000,tenure,Renter,1.2438101834998012,1.261953241841933,0.46732424396033645,1,1,1
2022,55,66000,tenure,All,1.7380227096136187,1.7610420352515075,NA,2,2,NA
2022,55,66000,tenure,Owner,1.816991438258016,NA,NA,2,NA,NA
2022,55,66000,tenure,Renter,NA,NA,NA,NA,NA,NA
